0 0.4891826923076923 0.765625 0.04326923076923077 0.05048076923076923
0 0.23317307692307693 0.796875 0.04567307692307692 0.0625
0 0.5324519230769231 0.5036057692307693 0.057692307692307696 0.07211538461538461
0 0.6466346153846154 0.3112980769230769 0.04567307692307692 0.052884615384615384
0 0.3581730769230769 0.6454326923076923 0.057692307692307696 0.0673076923076923
0 0.39302884615384615 0.9471153846153846 0.055288461538461536 0.06490384615384616
0 0.8221153846153846 0.13701923076923078 0.05048076923076923 0.05048076923076923
0 0.296875 0.31490384615384615 0.04326923076923077 0.06009615384615385
0 0.34615384615384615 0.3545673076923077 0.055288461538461536 0.06971153846153846
0 0.6310096153846154 0.6177884615384616 0.0625 0.057692307692307696
0 0.3329326923076923 0.5480769230769231 0.040865384615384616 0.05048076923076923
0 0.6237980769230769 0.39302884615384615 0.04807692307692308 0.055288461538461536
0 0.48677884615384615 0.16346153846153846 0.06490384615384616 0.08653846153846154