0 0.46875 0.7644230769230769 0.036057692307692304 0.04567307692307692
0 0.7163461538461539 0.8353365384615384 0.038461538461538464 0.06009615384615385
0 0.46634615384615385 0.4987980769230769 0.05048076923076923 0.06971153846153846
0 0.38461538461538464 0.29086538461538464 0.040865384615384616 0.05048076923076923
0 0.6165865384615384 0.6658653846153846 0.05048076923076923 0.06490384615384616
0 0.5360576923076923 0.9591346153846154 0.04807692307692308 0.0625
0 0.23918269230769232 0.09134615384615384 0.04567307692307692 0.04567307692307692
0 0.7295673076923077 0.3485576923076923 0.036057692307692304 0.06009615384615385
0 0.6742788461538461 0.3798076923076923 0.04807692307692308 0.0673076923076923
0 0.35216346153846156 0.5961538461538461 0.057692307692307696 0.052884615384615384
0 0.6574519230769231 0.5733173076923077 0.036057692307692304 0.04807692307692308
0 0.3954326923076923 0.375 0.040865384615384616 0.052884615384615384
0 0.5649038461538461 0.16947115384615385 0.055288461538461536 0.08413461538461539