0 0.6742788461538461 0.7019230769230769 0.04567307692307692 0.05048076923076923
0 0.5084134615384616 0.8990384615384616 0.05048076923076923 0.0625
0 0.5264423076923077 0.4807692307692308 0.0625 0.07451923076923077
0 0.47836538461538464 0.2620192307692308 0.04807692307692308 0.055288461538461536
0 0.4951923076923077 0.703125 0.0625 0.06971153846153846
0 0.7271634615384616 0.9002403846153846 0.057692307692307696 0.0673076923076923
0 0.4879807692307692 0.020432692307692308 0.052884615384615384 0.040865384615384616
0 0.2247596153846154 0.5024038461538461 0.04807692307692308 0.0625
0 0.28846153846153844 0.49759615384615385 0.06009615384615385 0.07211538461538461
0 0.6766826923076923 0.4963942307692308 0.06490384615384616 0.0625
0 0.4110576923076923 0.6490384615384616 0.04326923076923077 0.052884615384615384
0 0.5168269230769231 0.33774038461538464 0.05048076923076923 0.057692307692307696
0 0.2620192307692308 0.26322115384615385 0.06971153846153846 0.08653846153846154