0 0.9350961538461539 0.4855769230769231 0.06009615384615385 0.07932692307692307
0 0.9146634615384616 0.5949519230769231 0.057692307692307696 0.07211538461538461
0 0.9759615384615384 0.6322115384615384 0.04807692307692308 0.08653846153846154
0 0.49759615384615385 0.7103365384615384 0.057692307692307696 0.08653846153846154
0 0.7367788461538461 0.8173076923076923 0.07451923076923077 0.08413461538461539
0 0.6454326923076923 0.49759615384615385 0.055288461538461536 0.07692307692307693
0 0.4543269230769231 0.38341346153846156 0.06490384615384616 0.09375
0 0.4795673076923077 0.3329326923076923 0.04807692307692308 0.06490384615384616
0 0.6117788461538461 0.28725961538461536 0.06490384615384616 0.08413461538461539
0 0.48197115384615385 0.12259615384615384 0.05048076923076923 0.06971153846153846
0 0.3641826923076923 0.265625 0.0625 0.07932692307692307
0 0.23317307692307693 0.47475961538461536 0.052884615384615384 0.06490384615384616
0 0.8545673076923077 0.6622596153846154 0.052884615384615384 0.06490384615384616
0 0.41346153846153844 0.21634615384615385 0.05048076923076923 0.0625
0 0.46274038461538464 0.1875 0.06009615384615385 0.09134615384615384
0 0.5985576923076923 0.5889423076923077 0.0625 0.06490384615384616
0 0.5769230769230769 0.11778846153846154 0.07451923076923077 0.08173076923076923
0 0.390625 0.9507211538461539 0.055288461538461536 0.06971153846153846
0 0.7728365384615384 0.3485576923076923 0.04326923076923077 0.055288461538461536