0 0.14783653846153846 0.2439903846153846 0.06009615384615385 0.07932692307692307
0 0.23076923076923078 0.16947115384615385 0.057692307692307696 0.07211538461538461
0 0.19951923076923078 0.09615384615384616 0.06490384615384616 0.08653846153846154
0 0.6322115384615384 0.33533653846153844 0.057692307692307696 0.08653846153846154
0 0.5096153846153846 0.1045673076923077 0.07451923076923077 0.08413461538461539
0 0.38341346153846156 0.41346153846153844 0.055288461538461536 0.07692307692307693
0 0.4639423076923077 0.6201923076923077 0.06490384615384616 0.09375
0 0.41346153846153844 0.6442307692307693 0.04807692307692308 0.06490384615384616
0 0.2800480769230769 0.5985576923076923 0.06490384615384616 0.08413461538461539
0 0.28125 0.8088942307692307 0.05048076923076923 0.06971153846153846
0 0.46274038461538464 0.7680288461538461 0.0625 0.07932692307692307
0 0.6947115384615384 0.6838942307692307 0.052884615384615384 0.06490384615384616
0 0.32091346153846156 0.15384615384615385 0.052884615384615384 0.06490384615384616
0 0.39302884615384615 0.7776442307692307 0.05048076923076923 0.0625
0 0.33774038461538464 0.7692307692307693 0.06009615384615385 0.09134615384615384
0 0.47716346153846156 0.36899038461538464 0.0625 0.06490384615384616
0 0.20432692307692307 0.7536057692307693 0.07451923076923077 0.08173076923076923
0 0.8629807692307693 0.21153846153846154 0.055288461538461536 0.06971153846153846
0 0.19110576923076922 0.45072115384615385 0.04326923076923077 0.055288461538461536
0 0.21875 0.021634615384615384 0.04807692307692308 0.04326923076923077