0 0.15745192307692307 0.7680288461538461 0.0625 0.07932692307692307
0 0.24278846153846154 0.8389423076923077 0.06009615384615385 0.07451923076923077
0 0.21394230769230768 0.9134615384615384 0.0673076923076923 0.08653846153846154
0 0.6370192307692307 0.6598557692307693 0.057692307692307696 0.08653846153846154
0 0.5228365384615384 0.8954326923076923 0.07692307692307693 0.08653846153846154
0 0.3870192307692308 0.5913461538461539 0.057692307692307696 0.07692307692307693
0 0.45913461538461536 0.38100961538461536 0.0673076923076923 0.09375
0 0.40865384615384615 0.3581730769230769 0.05048076923076923 0.06490384615384616
0 0.2776442307692308 0.40865384615384615 0.06490384615384616 0.08413461538461539
0 0.27163461538461536 0.19951923076923078 0.052884615384615384 0.06971153846153846
0 0.453125 0.23317307692307693 0.06490384615384616 0.07932692307692307
0 0.6887019230769231 0.3088942307692308 0.052884615384615384 0.06490384615384616
0 0.3329326923076923 0.8521634615384616 0.052884615384615384 0.0673076923076923
0 0.38341346153846156 0.22716346153846154 0.052884615384615384 0.0625
0 0.328125 0.23677884615384615 0.0625 0.09134615384615384
0 0.48197115384615385 0.6322115384615384 0.06490384615384616 0.0673076923076923
0 0.19591346153846154 0.25600961538461536 0.07451923076923077 0.08413461538461539
0 0.8737980769230769 0.7752403846153846 0.057692307692307696 0.07211538461538461
0 0.1935096153846154 0.5600961538461539 0.04567307692307692 0.055288461538461536
0 0.23677884615384615 0.9819711538461539 0.05048076923076923 0.036057692307692304