0 0.31850961538461536 0.20072115384615385 0.04326923076923077 0.06009615384615385
0 0.2932692307692308 0.12620192307692307 0.036057692307692304 0.05048076923076923
0 0.3473557692307692 0.014423076923076924 0.040865384615384616 0.028846153846153848
0 0.47115384615384615 0.24879807692307693 0.0625 0.09134615384615384
0 0.4026442307692308 0.31850961538461536 0.055288461538461536 0.07692307692307693
0 0.21394230769230768 0.6189903846153846 0.040865384615384616 0.06490384615384616
0 0.17908653846153846 0.5456730769230769 0.040865384615384616 0.055288461538461536
0 0.14903846153846154 0.6286057692307693 0.038461538461538464 0.07692307692307693
0 0.42427884615384615 0.46875 0.038461538461538464 0.06009615384615385
0 0.48677884615384615 0.40024038461538464 0.0673076923076923 0.0889423076923077
0 0.2704326923076923 0.5889423076923077 0.04326923076923077 0.0673076923076923
0 0.3125 0.5841346153846154 0.052884615384615384 0.07451923076923077
0 0.3954326923076923 0.6117788461538461 0.06971153846153846 0.07211538461538461
0 0.35336538461538464 0.7992788461538461 0.04567307692307692 0.0673076923076923
0 0.3137019230769231 0.828125 0.04567307692307692 0.07451923076923077
0 0.3449519230769231 0.8774038461538461 0.05048076923076923 0.0673076923076923
0 0.4362980769230769 0.6923076923076923 0.04326923076923077 0.0625
0 0.7536057692307693 0.8197115384615384 0.04326923076923077 0.0625
0 0.7752403846153846 0.12980769230769232 0.057692307692307696 0.09375
0 0.6382211538461539 0.20192307692307693 0.07451923076923077 0.09615384615384616