0 0.7259615384615384 0.23197115384615385 0.036057692307692304 0.057692307692307696
0 0.7632211538461539 0.16346153846153846 0.03125 0.04567307692307692
0 0.7283653846153846 0.03125 0.036057692307692304 0.052884615384615384
0 0.5685096153846154 0.25600961538461536 0.052884615384615384 0.08413461538461539
0 0.6237980769230769 0.33653846153846156 0.04807692307692308 0.07211538461538461
0 0.7644230769230769 0.6622596153846154 0.03365384615384615 0.0625
0 0.8100961538461539 0.5961538461538461 0.036057692307692304 0.052884615384615384
0 0.8257211538461539 0.6826923076923077 0.028846153846153848 0.07451923076923077
0 0.5793269230769231 0.4807692307692308 0.03125 0.057692307692307696
0 0.5276442307692307 0.4026442307692308 0.06009615384615385 0.08173076923076923
0 0.7127403846153846 0.6237980769230769 0.036057692307692304 0.06490384615384616
0 0.671875 0.6129807692307693 0.04567307692307692 0.06971153846153846
0 0.5853365384615384 0.6262019230769231 0.0625 0.06490384615384616
0 0.5973557692307693 0.8185096153846154 0.036057692307692304 0.06490384615384616
0 0.6322115384615384 0.8533653846153846 0.038461538461538464 0.06971153846153846
0 0.59375 0.8966346153846154 0.04326923076923077 0.0625
0 0.5324519230769231 0.6995192307692307 0.036057692307692304 0.06009615384615385
0 0.19951923076923078 0.7764423076923077 0.036057692307692304 0.06009615384615385
0 0.2860576923076923 0.09134615384615384 0.04807692307692308 0.0889423076923077
0 0.4110576923076923 0.18389423076923078 0.06490384615384616 0.0889423076923077