0 0.27884615384615385 0.2283653846153846 0.036057692307692304 0.057692307692307696
0 0.24278846153846154 0.15865384615384615 0.028846153846153848 0.04567307692307692
0 0.2800480769230769 0.027644230769230768 0.03365384615384615 0.052884615384615384
0 0.4362980769230769 0.2548076923076923 0.052884615384615384 0.08413461538461539
0 0.3786057692307692 0.33413461538461536 0.04567307692307692 0.07211538461538461
0 0.23317307692307693 0.6574519230769231 0.03365384615384615 0.0625
0 0.18870192307692307 0.5901442307692307 0.03365384615384615 0.052884615384615384
0 0.17067307692307693 0.6766826923076923 0.028846153846153848 0.07451923076923077
0 0.4206730769230769 0.4795673076923077 0.028846153846153848 0.057692307692307696
0 0.4735576923076923 0.4026442307692308 0.057692307692307696 0.08173076923076923
0 0.2848557692307692 0.6201923076923077 0.03365384615384615 0.0625
0 0.32572115384615385 0.609375 0.04326923076923077 0.06971153846153846
0 0.41225961538461536 0.625 0.0625 0.0625
0 0.39663461538461536 0.8173076923076923 0.036057692307692304 0.0625
0 0.36177884615384615 0.8509615384615384 0.036057692307692304 0.06971153846153846
0 0.39903846153846156 0.8954326923076923 0.04326923076923077 0.0625
0 0.4639423076923077 0.6995192307692307 0.036057692307692304 0.057692307692307696
0 0.7956730769230769 0.78125 0.03365384615384615 0.057692307692307696
0 0.7211538461538461 0.09495192307692307 0.04807692307692308 0.08653846153846154
0 0.5949519230769231 0.18509615384615385 0.0625 0.08653846153846154