0 0.3449519230769231 0.17307692307692307 0.028846153846153848 0.07932692307692307
0 0.7644230769230769 0.8173076923076923 0.038461538461538464 0.0625
0 0.9507211538461539 0.9639423076923077 0.038461538461538464 0.07211538461538461
0 0.3629807692307692 0.9651442307692307 0.038461538461538464 0.057692307692307696
0 0.33774038461538464 0.6947115384615384 0.028846153846153848 0.0673076923076923
0 0.28365384615384615 0.25600961538461536 0.03365384615384615 0.0625
0 0.6598557692307693 0.4951923076923077 0.028846153846153848 0.07211538461538461
0 0.43149038461538464 0.29447115384615385 0.038461538461538464 0.057692307692307696
0 0.5576923076923077 0.4387019230769231 0.038461538461538464 0.0673076923076923
0 0.3557692307692308 0.453125 0.028846153846153848 0.07451923076923077
0 0.31009615384615385 0.6274038461538461 0.02403846153846154 0.0625