0 0.8365384615384616 0.3858173076923077 0.07211538461538461 0.10336538461538461
0 0.9675480769230769 0.4110576923076923 0.06490384615384616 0.1201923076923077
0 0.9110576923076923 0.25600961538461536 0.0673076923076923 0.0985576923076923
0 0.7415865384615384 0.4050480769230769 0.06009615384615385 0.10096153846153846
0 0.6466346153846154 0.3449519230769231 0.057692307692307696 0.0985576923076923
0 0.6045673076923077 0.3918269230769231 0.038461538461538464 0.07932692307692307
0 0.5396634615384616 0.44350961538461536 0.05048076923076923 0.09134615384615384
0 0.30408653846153844 0.359375 0.0625 0.0985576923076923
0 0.17908653846153846 0.4855769230769231 0.10817307692307693 0.14182692307692307
0 0.6598557692307693 0.7091346153846154 0.0625 0.10576923076923077
0 0.41466346153846156 0.96875 0.052884615384615384 0.057692307692307696
0 0.15504807692307693 0.109375 0.06971153846153846 0.11057692307692307