0 0.8533653846153846 0.4579326923076923 0.0889423076923077 0.11538461538461539
0 0.9663461538461539 0.5120192307692307 0.0673076923076923 0.12980769230769232
0 0.953125 0.34615384615384615 0.08413461538461539 0.10817307692307693
0 0.7560096153846154 0.4579326923076923 0.07932692307692307 0.10817307692307693
0 0.6754807692307693 0.3786057692307692 0.07451923076923077 0.10576923076923077
0 0.625 0.41586538461538464 0.052884615384615384 0.08413461538461539
0 0.5504807692307693 0.4519230769230769 0.0673076923076923 0.0985576923076923
0 0.33774038461538464 0.32211538461538464 0.07932692307692307 0.10576923076923077
0 0.18990384615384615 0.41947115384615385 0.13221153846153846 0.15625
0 0.6129807692307693 0.7379807692307693 0.08173076923076923 0.11538461538461539
0 0.31850961538461536 0.9399038461538461 0.0625 0.0673076923076923
0 0.24278846153846154 0.052884615384615384 0.09134615384615384 0.10576923076923077