0 0.171875 0.6382211538461539 0.0673076923076923 0.10096153846153846
0 0.03485576923076923 0.6213942307692307 0.0673076923076923 0.11778846153846154
0 0.10697115384615384 0.7728365384615384 0.0625 0.09615384615384616
0 0.265625 0.6105769230769231 0.057692307692307696 0.0985576923076923
0 0.3641826923076923 0.6646634615384616 0.052884615384615384 0.09615384615384616
0 0.40384615384615385 0.6141826923076923 0.036057692307692304 0.07932692307692307
0 0.4651442307692308 0.5600961538461539 0.04807692307692308 0.09134615384615384
0 0.7055288461538461 0.6262019230769231 0.06009615384615385 0.09615384615384616
0 0.8209134615384616 0.49158653846153844 0.10336538461538461 0.13701923076923078
0 0.32572115384615385 0.30288461538461536 0.06009615384615385 0.10336538461538461
0 0.5516826923076923 0.026442307692307692 0.05048076923076923 0.052884615384615384
0 0.8713942307692307 0.8665865384615384 0.0673076923076923 0.10817307692307693