4 0.5889423076923077 0.3894230769230769 0.10336538461538461 0.0889423076923077
4 0.6778846153846154 0.49278846153846156 0.08413461538461539 0.06490384615384616
4 0.5444711538461539 0.8461538461538461 0.08413461538461539 0.07451923076923077
4 0.5252403846153846 0.7331730769230769 0.07932692307692307 0.06971153846153846
4 0.7007211538461539 0.8064903846153846 0.14423076923076922 0.12980769230769232
4 0.6622596153846154 0.671875 0.08413461538461539 0.07451923076923077
4 0.5793269230769231 0.6370192307692307 0.09134615384615384 0.07692307692307693
4 0.7247596153846154 0.5805288461538461 0.09615384615384616 0.08173076923076923
4 0.41947115384615385 0.53125 0.06971153846153846 0.06490384615384616
4 0.46634615384615385 0.39783653846153844 0.0889423076923077 0.07932692307692307
4 0.6322115384615384 0.31009615384615385 0.07451923076923077 0.0625
4 0.8293269230769231 0.6418269230769231 0.052884615384615384 0.05048076923076923