4 0.6935096153846154 0.4675480769230769 0.13701923076923078 0.125
4 0.8990384615384616 0.5889423076923077 0.13942307692307693 0.12740384615384615
4 0.9507211538461539 0.44711538461538464 0.0985576923076923 0.1201923076923077
4 0.40865384615384615 0.3004807692307692 0.1346153846153846 0.12259615384615384
4 0.3954326923076923 0.04326923076923077 0.18509615384615385 0.08653846153846154
4 0.3557692307692308 0.09735576923076923 0.15144230769230768 0.11298076923076923
4 0.7151442307692307 0.19110576923076922 0.10336538461538461 0.08173076923076923
4 0.6959134615384616 0.25600961538461536 0.17067307692307693 0.12980769230769232
4 0.27403846153846156 0.32211538461538464 0.15144230769230768 0.1466346153846154
4 0.16105769230769232 0.22115384615384615 0.08653846153846154 0.07211538461538461
4 0.4519230769230769 0.671875 0.18509615384615385 0.1466346153846154
4 0.625 0.7139423076923077 0.15625 0.13221153846153846
4 0.4963942307692308 0.4362980769230769 0.1875 0.14903846153846154
4 0.4699519230769231 0.1875 0.13221153846153846 0.11538461538461539
4 0.17067307692307693 0.5685096153846154 0.11778846153846154 0.08413461538461539
4 0.6550480769230769 0.3870192307692308 0.07211538461538461 0.055288461538461536
4 0.21153846153846154 0.09495192307692307 0.11778846153846154 0.10096153846153846
4 0.7572115384615384 0.14543269230769232 0.06009615384615385 0.040865384615384616