4 0.3605769230769231 0.5252403846153846 0.10096153846153846 0.08173076923076923
4 0.3605769230769231 0.38822115384615385 0.08173076923076923 0.06009615384615385
4 0.6935096153846154 0.2091346153846154 0.08173076923076923 0.0673076923076923
4 0.6346153846153846 0.3076923076923077 0.07692307692307693 0.06490384615384616
4 0.5492788461538461 0.13701923076923078 0.13942307692307693 0.1201923076923077
4 0.49038461538461536 0.26322115384615385 0.08173076923076923 0.06971153846153846
4 0.5300480769230769 0.3449519230769231 0.0889423076923077 0.06971153846153846
4 0.38221153846153844 0.2920673076923077 0.09375 0.07451923076923077
4 0.5817307692307693 0.5300480769230769 0.0673076923076923 0.0625
4 0.4579326923076923 0.5985576923076923 0.08653846153846154 0.07211538461538461
4 0.27524038461538464 0.5564903846153846 0.07451923076923077 0.057692307692307696
4 0.3449519230769231 0.1778846153846154 0.05048076923076923 0.04807692307692308