4 0.5084134615384616 0.057692307692307696 0.14423076923076922 0.11298076923076923
4 0.6706730769230769 0.12860576923076922 0.1658653846153846 0.13701923076923078
4 0.7752403846153846 0.45913461538461536 0.23076923076923078 0.18269230769230768
4 0.6057692307692307 0.38341346153846156 0.20432692307692307 0.1658653846153846
4 0.4483173076923077 0.31971153846153844 0.2283653846153846 0.20192307692307693
4 0.4266826923076923 0.47836538461538464 0.17548076923076922 0.14903846153846154
4 0.6105769230769231 0.5552884615384616 0.3076923076923077 0.22596153846153846
4 0.20432692307692307 0.234375 0.32211538461538464 0.3004807692307692
4 0.6418269230769231 0.7752403846153846 0.21875 0.19951923076923078
4 0.11778846153846154 0.7764423076923077 0.23317307692307693 0.1778846153846154
4 0.7908653846153846 0.15264423076923078 0.1201923076923077 0.10096153846153846
4 0.09254807692307693 0.41466346153846156 0.18509615384615385 0.13701923076923078
4 0.036057692307692304 0.4987980769230769 0.07211538461538461 0.11298076923076923
4 0.5576923076923077 0.9170673076923077 0.052884615384615384 0.04567307692307692
4 0.30528846153846156 0.7391826923076923 0.5793269230769231 0.46634615384615385
4 0.7475961538461539 0.9591346153846154 0.09615384615384616 0.08173076923076923