4 0.6274038461538461 0.4375 0.08653846153846154 0.06009615384615385
4 0.6646634615384616 0.5685096153846154 0.07451923076923077 0.040865384615384616
4 0.3942307692307692 0.8329326923076923 0.06971153846153846 0.05048076923076923
4 0.42427884615384615 0.7223557692307693 0.06490384615384616 0.04807692307692308
4 0.5528846153846154 0.8629807692307693 0.1201923076923077 0.09134615384615384
4 0.5745192307692307 0.7247596153846154 0.06971153846153846 0.052884615384615384
4 0.5144230769230769 0.6574519230769231 0.07692307692307693 0.052884615384615384
4 0.6706730769230769 0.6670673076923077 0.08173076923076923 0.055288461538461536
4 0.41346153846153844 0.49399038461538464 0.057692307692307696 0.04807692307692308
4 0.5132211538461539 0.39302884615384615 0.07451923076923077 0.055288461538461536
4 0.7007211538461539 0.38341346153846156 0.06490384615384616 0.040865384615384616
4 0.7379807692307693 0.7668269230769231 0.040865384615384616 0.038461538461538464