4 0.6862980769230769 0.9014423076923077 0.13221153846153846 0.08653846153846154
4 0.5096153846153846 0.9086538461538461 0.15144230769230768 0.10817307692307693
4 0.2704326923076923 0.6574519230769231 0.21153846153846154 0.13942307692307693
4 0.45552884615384615 0.6514423076923077 0.1875 0.12980769230769232
4 0.6262019230769231 0.6394230769230769 0.20432692307692307 0.1658653846153846
4 0.5745192307692307 0.48677884615384615 0.16105769230769232 0.11778846153846154
4 0.3762019230769231 0.4987980769230769 0.29086538461538464 0.1658653846153846
4 0.8701923076923077 0.6069711538461539 0.25961538461538464 0.25240384615384615
4 0.25240384615384615 0.31490384615384615 0.19471153846153846 0.1658653846153846
4 0.7223557692307693 0.08413461538461539 0.21634615384615385 0.1346153846153846
4 0.390625 0.9399038461538461 0.11057692307692307 0.07932692307692307
4 0.10817307692307693 0.9615384615384616 0.12980769230769232 0.07692307692307693
4 0.9038461538461539 0.39663461538461536 0.1778846153846154 0.10096153846153846
4 0.9362980769230769 0.28846153846153844 0.0985576923076923 0.09615384615384616
4 0.2644230769230769 0.1502403846153846 0.04807692307692308 0.036057692307692304
4 0.5697115384615384 0.20072115384615385 0.53125 0.36538461538461536
4 0.07211538461538461 0.1875 0.08173076923076923 0.08653846153846154
4 0.0829326923076923 0.09254807692307693 0.07932692307692307 0.08173076923076923