4 0.47716346153846156 0.3942307692307692 0.7043269230769231 0.65625
4 0.8329326923076923 0.18028846153846154 0.25240384615384615 0.31971153846153844
4 0.8930288461538461 0.5540865384615384 0.09375 0.0673076923076923
4 0.9314903846153846 0.6346153846153846 0.13701923076923078 0.10096153846153846
4 0.109375 0.4014423076923077 0.21875 0.3076923076923077
4 0.5588942307692307 0.8016826923076923 0.7139423076923077 0.39663461538461536
4 0.14543269230769232 0.6610576923076923 0.1778846153846154 0.22115384615384615
4 0.45552884615384615 0.27163461538461536 0.6322115384615384 0.5168269230769231
4 0.2608173076923077 0.7127403846153846 0.24278846153846154 0.30528846153846156
4 0.8677884615384616 0.32211538461538464 0.25721153846153844 0.33653846153846156
4 0.8173076923076923 0.6899038461538461 0.36538461538461536 0.46153846153846156
4 0.4831730769230769 0.78125 0.5336538461538461 0.4375