4 0.46274038461538464 0.6009615384615384 0.7475961538461539 0.7115384615384616
4 0.7848557692307693 0.8485576923076923 0.28125 0.30288461538461536
4 0.8966346153846154 0.5012019230769231 0.09615384615384616 0.07451923076923077
4 0.9375 0.4254807692307692 0.125 0.11538461538461539
4 0.11177884615384616 0.5408653846153846 0.22355769230769232 0.3173076923076923
4 0.6021634615384616 0.22235576923076922 0.71875 0.44471153846153844
4 0.17067307692307693 0.29086538461538464 0.1971153846153846 0.23076923076923078
4 0.4230769230769231 0.7163461538461539 0.6586538461538461 0.5673076923076923
4 0.2920673076923077 0.25600961538461536 0.2692307692307692 0.3173076923076923
4 0.8389423076923077 0.7271634615384616 0.28846153846153844 0.3485576923076923
4 0.8209134615384616 0.36177884615384615 0.3581730769230769 0.49278846153846156
4 0.5240384615384616 0.22956730769230768 0.5576923076923077 0.45913461538461536