4 0.3293269230769231 0.5961538461538461 0.11057692307692307 0.09375
4 0.09495192307692307 0.5528846153846154 0.11538461538461539 0.09615384615384616
4 0.07451923076923077 0.7103365384615384 0.1201923076923077 0.08413461538461539
4 0.6538461538461539 0.65625 0.11057692307692307 0.0889423076923077
4 0.7632211538461539 0.9170673076923077 0.1658653846153846 0.0889423076923077
4 0.7728365384615384 0.8293269230769231 0.1346153846153846 0.07211538461538461
4 0.40384615384615385 0.8641826923076923 0.09134615384615384 0.052884615384615384
4 0.39903846153846156 0.796875 0.15384615384615385 0.08173076923076923
4 0.7728365384615384 0.5901442307692307 0.1201923076923077 0.11298076923076923
4 0.9134615384615384 0.6466346153846154 0.07211538461538461 0.052884615384615384
4 0.48677884615384615 0.32211538461538464 0.16105769230769232 0.09615384615384616
4 0.3088942307692308 0.34134615384615385 0.13221153846153846 0.09134615384615384
4 0.5252403846153846 0.5588942307692307 0.16346153846153846 0.10096153846153846
4 0.6346153846153846 0.7836538461538461 0.11057692307692307 0.08173076923076923
4 0.7860576923076923 0.3233173076923077 0.10576923076923077 0.05048076923076923
4 0.39302884615384615 0.6586538461538461 0.0625 0.03365384615384615
4 0.9098557692307693 0.78125 0.10096153846153846 0.07211538461538461
4 0.3798076923076923 0.9206730769230769 0.057692307692307696 0.02403846153846154