4 0.4675480769230769 0.39663461538461536 0.7043269230769231 0.65625
4 0.0889423076923077 0.38822115384615385 0.1778846153846154 0.31971153846153844
4 0.18629807692307693 0.7427884615384616 0.09375 0.0673076923076923
4 0.19230769230769232 0.8341346153846154 0.13942307692307693 0.10096153846153846
4 0.7944711538461539 0.21634615384615385 0.23076923076923078 0.3076923076923077
4 0.6045673076923077 0.7956730769230769 0.7139423076923077 0.40865384615384615
4 0.8882211538461539 0.46153846153846156 0.1778846153846154 0.22115384615384615
4 0.42427884615384615 0.2800480769230769 0.6322115384615384 0.5168269230769231
4 0.8137019230769231 0.5637019230769231 0.24278846153846154 0.30528846153846156
4 0.11057692307692307 0.5288461538461539 0.22115384615384615 0.33653846153846156
4 0.2776442307692308 0.8088942307692307 0.45913461538461536 0.38221153846153844
4 0.6586538461538461 0.7439903846153846 0.5336538461538461 0.4567307692307692