4 0.2536057692307692 0.8665865384615384 0.14182692307692307 0.10576923076923077
4 0.4266826923076923 0.9026442307692307 0.16105769230769232 0.12740384615384615
4 0.703125 0.6911057692307693 0.22596153846153846 0.16826923076923078
4 0.5204326923076923 0.65625 0.20192307692307693 0.15384615384615385
4 0.3545673076923077 0.6177884615384616 0.22115384615384615 0.18990384615384615
4 0.42788461538461536 0.47596153846153844 0.17067307692307693 0.13942307692307693
4 0.6225961538461539 0.5180288461538461 0.30288461538461536 0.20432692307692307
4 0.12980769230769232 0.546875 0.25961538461538464 0.2860576923076923
4 0.7740384615384616 0.3557692307692308 0.21153846153846154 0.18990384615384615
4 0.3449519230769231 0.0673076923076923 0.2283653846153846 0.1346153846153846
4 0.5396634615384616 0.9507211538461539 0.11778846153846154 0.09375
4 0.8100961538461539 0.9855769230769231 0.13942307692307693 0.028846153846153848
4 0.11778846153846154 0.33533653846153844 0.18509615384615385 0.125
4 0.10216346153846154 0.22355769230769232 0.10817307692307693 0.10817307692307693
4 0.7872596153846154 0.19110576923076922 0.052884615384615384 0.040865384615384616
4 0.47716346153846156 0.20552884615384615 0.5649038461538461 0.4110576923076923
4 0.9627403846153846 0.25841346153846156 0.07451923076923077 0.09375
4 0.9651442307692307 0.16346153846153846 0.06971153846153846 0.09134615384615384