4 0.3581730769230769 0.36538461538461536 0.12980769230769232 0.11778846153846154
4 0.1201923076923077 0.35096153846153844 0.1346153846153846 0.1201923076923077
4 0.13822115384615385 0.1935096153846154 0.13701923076923078 0.11057692307692307
4 0.6875 0.3858173076923077 0.12980769230769232 0.11298076923076923
4 0.8557692307692307 0.15865384615384615 0.18269230769230768 0.12740384615384615
4 0.8449519230769231 0.24639423076923078 0.14903846153846154 0.10096153846153846
4 0.4951923076923077 0.12379807692307693 0.10096153846153846 0.07451923076923077
4 0.4735576923076923 0.1875 0.16826923076923078 0.11538461538461539
4 0.7860576923076923 0.47836538461538464 0.14182692307692307 0.13942307692307693
4 0.9362980769230769 0.4579326923076923 0.08173076923076923 0.0673076923076923
4 0.44471153846153844 0.6694711538461539 0.18028846153846154 0.13221153846153846
4 0.2764423076923077 0.6081730769230769 0.15144230769230768 0.12259615384615384
4 0.5384615384615384 0.4495192307692308 0.18269230769230768 0.13701923076923078
4 0.6995192307692307 0.25721153846153844 0.12740384615384615 0.10576923076923077
4 0.734375 0.7403846153846154 0.11538461538461539 0.07451923076923077
4 0.43509615384615385 0.31971153846153844 0.06971153846153846 0.04807692307692308
4 0.9543269230769231 0.32572115384615385 0.09134615384615384 0.09375
4 0.4855769230769231 0.0625 0.06009615384615385 0.036057692307692304