0 0.4543269230769231 0.7427884615384616 0.08413461538461539 0.07932692307692307
0 0.3918269230769231 0.7007211538461539 0.08653846153846154 0.08413461538461539
0 0.34615384615384615 0.6189903846153846 0.07211538461538461 0.07932692307692307
0 0.25841346153846156 0.5961538461538461 0.06490384615384616 0.06490384615384616
0 0.5 0.5096153846153846 0.0889423076923077 0.08653846153846154
0 0.5048076923076923 0.6899038461538461 0.07692307692307693 0.09375
0 0.625 0.7139423076923077 0.08653846153846154 0.08413461538461539
0 0.6045673076923077 0.6586538461538461 0.11057692307692307 0.08653846153846154
0 0.5925480769230769 0.5516826923076923 0.07211538461538461 0.08173076923076923
0 0.44711538461538464 0.41225961538461536 0.0889423076923077 0.08653846153846154
0 0.30288461538461536 0.36177884615384615 0.07451923076923077 0.09134615384615384
0 0.20673076923076922 0.3173076923076923 0.0673076923076923 0.06490384615384616