0 0.49278846153846156 0.2536057692307692 0.0889423076923077 0.08653846153846154
0 0.4254807692307692 0.2848557692307692 0.09375 0.09134615384615384
0 0.36658653846153844 0.3581730769230769 0.07932692307692307 0.08413461538461539
0 0.2764423076923077 0.36658653846153844 0.07211538461538461 0.06971153846153846
0 0.5012019230769231 0.49038461538461536 0.09615384615384616 0.09615384615384616
0 0.5336538461538461 0.3125 0.08653846153846154 0.0985576923076923
0 0.65625 0.3076923076923077 0.09375 0.09134615384615384
0 0.6274038461538461 0.359375 0.11538461538461539 0.0985576923076923
0 0.5985576923076923 0.4639423076923077 0.07932692307692307 0.08653846153846154
0 0.43509615384615385 0.578125 0.09615384615384616 0.09615384615384616
0 0.28365384615384615 0.6057692307692307 0.08413461538461539 0.09615384615384616
0 0.1814903846153846 0.6346153846153846 0.07451923076923077 0.07211538461538461