0 0.33653846153846156 0.3161057692307692 0.08653846153846154 0.08413461538461539
0 0.30408653846153844 0.38341346153846156 0.09134615384615384 0.0889423076923077
0 0.30649038461538464 0.47716346153846156 0.07451923076923077 0.08173076923076923
0 0.24278846153846154 0.5420673076923077 0.06971153846153846 0.06971153846153846
0 0.4951923076923077 0.49158653846153844 0.09375 0.09134615384615384
0 0.40625 0.33413461538461536 0.08173076923076923 0.0985576923076923
0 0.4963942307692308 0.25240384615384615 0.09134615384615384 0.0889423076923077
0 0.5084134615384616 0.31009615384615385 0.11298076923076923 0.09375
0 0.5528846153846154 0.40865384615384615 0.07692307692307693 0.08413461538461539
0 0.5 0.6021634615384616 0.09375 0.09134615384615384
0 0.4026442307692308 0.7199519230769231 0.07932692307692307 0.09375
0 0.3425480769230769 0.8076923076923077 0.07211538461538461 0.06971153846153846