5 0.328125 0.7884615384615384 0.15384615384615385 0.11057692307692307
5 0.17668269230769232 0.5769230769230769 0.10576923076923077 0.09375
5 0.21634615384615385 0.8858173076923077 0.14423076923076922 0.11057692307692307
5 0.43028846153846156 0.6574519230769231 0.625 0.39663461538461536
5 0.2692307692307692 0.47596153846153844 0.2692307692307692 0.18028846153846154
5 0.6790865384615384 0.6490384615384616 0.23317307692307693 0.20192307692307693
5 0.6538461538461539 0.5336538461538461 0.10096153846153846 0.09375
5 0.4110576923076923 0.4098557692307692 0.4326923076923077 0.3004807692307692
5 0.4651442307692308 0.9663461538461539 0.0889423076923077 0.0673076923076923
5 0.5048076923076923 0.26802884615384615 0.1466346153846154 0.10817307692307693
5 0.7451923076923077 0.33052884615384615 0.31009615384615385 0.23317307692307693
5 0.4639423076923077 0.18629807692307693 0.2283653846153846 0.16346153846153846
5 0.33413461538461536 0.8557692307692307 0.07211538461538461 0.0673076923076923
5 0.32211538461538464 0.8317307692307693 0.06490384615384616 0.057692307692307696