5 0.7644230769230769 0.7403846153846154 0.12259615384615384 0.11778846153846154
5 0.6826923076923077 0.6430288461538461 0.13221153846153846 0.12740384615384615
5 0.22716346153846154 0.8149038461538461 0.2932692307692308 0.3125
5 0.7451923076923077 0.5480769230769231 0.0889423076923077 0.09134615384615384
5 0.39903846153846156 0.5769230769230769 0.19230769230769232 0.15384615384615385
5 0.6310096153846154 0.40024038461538464 0.16826923076923078 0.16346153846153846
5 0.41225961538461536 0.9651442307692307 0.15625 0.06971153846153846
5 0.5649038461538461 0.29447115384615385 0.09615384615384616 0.0985576923076923
5 0.7644230769230769 0.1875 0.1466346153846154 0.15144230769230768
5 0.4735576923076923 0.15985576923076922 0.2668269230769231 0.19471153846153846
5 0.5805288461538461 0.04447115384615385 0.18028846153846154 0.0889423076923077