5 0.5024038461538461 0.8497596153846154 0.07211538461538461 0.07211538461538461
5 0.8473557692307693 0.7271634615384616 0.06009615384615385 0.07211538461538461
5 0.4254807692307692 0.8473557692307693 0.10576923076923077 0.13942307692307693
5 0.8221153846153846 0.6911057692307693 0.04807692307692308 0.052884615384615384
5 0.4098557692307692 0.7716346153846154 0.06971153846153846 0.07692307692307693
5 0.7644230769230769 0.6466346153846154 0.07211538461538461 0.08173076923076923
5 0.4699519230769231 0.7307692307692307 0.07692307692307693 0.07932692307692307
5 0.6286057692307693 0.6478365384615384 0.04567307692307692 0.07211538461538461
5 0.5120192307692307 0.6502403846153846 0.0625 0.06971153846153846
5 0.7199519230769231 0.5516826923076923 0.07932692307692307 0.0985576923076923
5 0.38100961538461536 0.6598557692307693 0.10817307692307693 0.125
5 0.28966346153846156 0.6754807692307693 0.1875 0.3605769230769231
5 0.5408653846153846 0.5877403846153846 0.04807692307692308 0.06009615384615385
5 0.4735576923076923 0.5769230769230769 0.09615384615384616 0.0889423076923077
5 0.5865384615384616 0.53125 0.05048076923076923 0.05048076923076923
5 0.6622596153846154 0.3894230769230769 0.13701923076923078 0.18269230769230768
5 0.5492788461538461 0.4206730769230769 0.08173076923076923 0.10817307692307693
5 0.8221153846153846 0.859375 0.07932692307692307 0.09134615384615384
5 0.4182692307692308 0.41586538461538464 0.19951923076923078 0.23076923076923078
5 0.3088942307692308 0.4014423076923077 0.15625 0.3125
5 0.18870192307692307 0.4230769230769231 0.0625 0.06009615384615385
5 0.5420673076923077 0.2980769230769231 0.09375 0.11538461538461539
5 0.38221153846153844 0.2644230769230769 0.1875 0.17067307692307693
5 0.5625 0.15384615384615385 0.24519230769230768 0.3076923076923077
5 0.43509615384615385 0.16346153846153846 0.0625 0.06009615384615385
5 0.44711538461538464 0.9326923076923077 0.0889423076923077 0.0889423076923077
5 0.7512019230769231 0.7860576923076923 0.06009615384615385 0.0673076923076923