5 0.3545673076923077 0.19831730769230768 0.15384615384615385 0.10096153846153846
5 0.18389423076923078 0.3954326923076923 0.10336538461538461 0.0889423076923077
5 0.2512019230769231 0.09134615384615384 0.14423076923076922 0.10336538461538461
5 0.44350961538461536 0.33774038461538464 0.6298076923076923 0.35336538461538464
5 0.26802884615384615 0.5036057692307693 0.27163461538461536 0.16346153846153846
5 0.6923076923076923 0.36658653846153844 0.23076923076923078 0.18990384615384615
5 0.6550480769230769 0.4795673076923077 0.0985576923076923 0.0889423076923077
5 0.40384615384615385 0.5829326923076923 0.4326923076923077 0.27163461538461536
5 0.5072115384615384 0.03245192307692308 0.08653846153846154 0.06490384615384616
5 0.484375 0.7319711538461539 0.1466346153846154 0.0985576923076923
5 0.7295673076923077 0.6899038461538461 0.3076923076923077 0.21394230769230768
5 0.4362980769230769 0.8088942307692307 0.2283653846153846 0.1466346153846154
5 0.36538461538461536 0.1310096153846154 0.06971153846153846 0.0625
5 0.35216346153846156 0.15384615384615385 0.0625 0.052884615384615384