5 0.25240384615384615 0.28725961538461536 0.09134615384615384 0.11057692307692307
5 0.8401442307692307 0.5252403846153846 0.05048076923076923 0.0673076923076923
5 0.41947115384615385 0.36538461538461536 0.13221153846153846 0.1658653846153846
5 0.2776442307692308 0.40384615384615385 0.125 0.15865384615384615
5 0.5456730769230769 0.5480769230769231 0.21394230769230768 0.27163461538461536
5 0.35216346153846156 0.5528846153846154 0.09134615384615384 0.11057692307692307
5 0.8425480769230769 0.17067307692307693 0.11538461538461539 0.11298076923076923
5 0.5865384615384616 0.6838942307692307 0.10096153846153846 0.13701923076923078
5 0.33413461538461536 0.6646634615384616 0.07451923076923077 0.08173076923076923
5 0.234375 0.6262019230769231 0.10817307692307693 0.11298076923076923
5 0.3954326923076923 0.7235576923076923 0.057692307692307696 0.07692307692307693
5 0.6526442307692307 0.8497596153846154 0.04567307692307692 0.057692307692307696
5 0.46634615384615385 0.06129807692307692 0.10817307692307693 0.10817307692307693
5 0.375 0.0733173076923077 0.0625 0.06971153846153846
5 0.5528846153846154 0.15504807692307693 0.0673076923076923 0.07211538461538461
5 0.96875 0.36538461538461536 0.0625 0.08173076923076923
5 0.7716346153846154 0.31490384615384615 0.0625 0.07692307692307693
5 0.5637019230769231 0.2620192307692308 0.10096153846153846 0.125
5 0.6875 0.328125 0.10817307692307693 0.12259615384615384
5 0.8245192307692307 0.40384615384615385 0.07211538461538461 0.0889423076923077
5 0.31490384615384615 0.25600961538461536 0.07932692307692307 0.08653846153846154