5 0.6754807692307693 0.22716346153846154 0.06009615384615385 0.06490384615384616
5 0.3737980769230769 0.3786057692307692 0.08173076923076923 0.11057692307692307
5 0.6382211538461539 0.2704326923076923 0.040865384615384616 0.052884615384615384
5 0.5901442307692307 0.296875 0.04567307692307692 0.05048076923076923
5 0.2247596153846154 0.46274038461538464 0.036057692307692304 0.040865384615384616
5 0.7367788461538461 0.24639423076923078 0.06009615384615385 0.07932692307692307
5 0.5192307692307693 0.34615384615384615 0.11298076923076923 0.13221153846153846
5 0.27403846153846156 0.4699519230769231 0.05048076923076923 0.0625
5 0.7103365384615384 0.31490384615384615 0.06490384615384616 0.08653846153846154
5 0.25 0.5204326923076923 0.06971153846153846 0.08653846153846154
5 0.5793269230769231 0.40384615384615385 0.055288461538461536 0.0625
5 0.3798076923076923 0.546875 0.06009615384615385 0.0673076923076923
5 0.4110576923076923 0.051682692307692304 0.057692307692307696 0.052884615384615384
5 0.5769230769230769 0.47836538461538464 0.12259615384615384 0.10817307692307693
5 0.3581730769230769 0.5985576923076923 0.04807692307692308 0.052884615384615384
5 0.8197115384615384 0.40384615384615385 0.05048076923076923 0.06490384615384616
5 0.5288461538461539 0.5324519230769231 0.057692307692307696 0.07211538461538461
5 0.7043269230769231 0.4723557692307692 0.08653846153846154 0.09134615384615384
5 0.4483173076923077 0.040865384615384616 0.036057692307692304 0.040865384615384616
5 0.3954326923076923 0.6466346153846154 0.04807692307692308 0.06490384615384616
5 0.4567307692307692 0.6225961538461539 0.05048076923076923 0.057692307692307696
5 0.6262019230769231 0.5552884615384616 0.07451923076923077 0.07932692307692307
5 0.5060096153846154 0.6129807692307693 0.04807692307692308 0.052884615384615384
5 0.7415865384615384 0.5192307692307693 0.07451923076923077 0.0889423076923077
5 0.7007211538461539 0.546875 0.0673076923076923 0.07692307692307693
5 0.36538461538461536 0.0829326923076923 0.055288461538461536 0.06490384615384616
5 0.5360576923076923 0.625 0.052884615384615384 0.055288461538461536
5 0.3641826923076923 0.7103365384615384 0.06971153846153846 0.08413461538461539
5 0.6778846153846154 0.5853365384615384 0.04567307692307692 0.05048076923076923
5 0.6141826923076923 0.6646634615384616 0.09134615384615384 0.11057692307692307
5 0.7127403846153846 0.6298076923076923 0.04326923076923077 0.055288461538461536
5 0.7103365384615384 0.6574519230769231 0.052884615384615384 0.055288461538461536
5 0.6875 0.6947115384615384 0.0673076923076923 0.07932692307692307
5 0.8257211538461539 0.6538461538461539 0.08413461538461539 0.10096153846153846
5 0.6358173076923077 0.7524038461538461 0.125 0.12259615384615384
5 0.7836538461538461 0.7019230769230769 0.08653846153846154 0.10576923076923077
5 0.7403846153846154 0.7487980769230769 0.07451923076923077 0.07211538461538461
5 0.8882211538461539 0.7403846153846154 0.07692307692307693 0.0889423076923077
5 0.4963942307692308 0.9278846153846154 0.0673076923076923 0.0673076923076923
5 0.6634615384615384 0.8617788461538461 0.0985576923076923 0.12740384615384615
5 0.44711538461538464 0.9675480769230769 0.0625 0.06490384615384616
5 0.6081730769230769 0.9134615384615384 0.08173076923076923 0.07692307692307693
5 0.49278846153846156 0.9711538461538461 0.10096153846153846 0.057692307692307696
5 0.43149038461538464 0.09975961538461539 0.052884615384615384 0.0625
5 0.46153846153846156 0.09375 0.04807692307692308 0.04807692307692308
5 0.296875 0.20552884615384615 0.08173076923076923 0.11057692307692307
5 0.45072115384615385 0.1466346153846154 0.07451923076923077 0.07932692307692307
5 0.5048076923076923 0.15985576923076922 0.05048076923076923 0.0625
5 0.2512019230769231 0.2764423076923077 0.04807692307692308 0.05048076923076923
5 0.5540865384615384 0.15865384615384615 0.06971153846153846 0.07692307692307693
5 0.4098557692307692 0.22115384615384615 0.07451923076923077 0.0889423076923077
5 0.5324519230769231 0.18269230769230768 0.04567307692307692 0.052884615384615384
5 0.4639423076923077 0.23076923076923078 0.0889423076923077 0.0985576923076923
5 0.5108173076923077 0.21995192307692307 0.04807692307692308 0.0625
5 0.6430288461538461 0.16947115384615385 0.055288461538461536 0.07211538461538461
5 0.6033653846153846 0.18990384615384615 0.06009615384615385 0.0673076923076923
5 0.2536057692307692 0.390625 0.06971153846153846 0.07932692307692307
5 0.20072115384615385 0.41947115384615385 0.052884615384615384 0.06490384615384616