5 0.49399038461538464 0.7271634615384616 0.11057692307692307 0.125
5 0.3870192307692308 0.7199519230769231 0.11538461538461539 0.10817307692307693
5 0.7019230769230769 0.6466346153846154 0.0889423076923077 0.0985576923076923
5 0.2920673076923077 0.65625 0.057692307692307696 0.07451923076923077
5 0.39663461538461536 0.6394230769230769 0.08173076923076923 0.0985576923076923
5 0.7391826923076923 0.484375 0.055288461538461536 0.07211538461538461
5 0.46153846153846156 0.5 0.09375 0.12259615384615384
5 0.7019230769230769 0.18990384615384615 0.10576923076923077 0.14182692307692307
5 0.4579326923076923 0.14543269230769232 0.08173076923076923 0.10096153846153846
5 0.5865384615384616 0.12860576923076922 0.09375 0.10576923076923077
5 0.40384615384615385 0.1201923076923077 0.09375 0.11538461538461539
5 0.6634615384615384 0.8233173076923077 0.20192307692307693 0.23798076923076922
5 0.7704326923076923 0.8004807692307693 0.07932692307692307 0.07451923076923077
5 0.453125 0.8245192307692307 0.1201923076923077 0.11057692307692307