5 0.328125 0.22596153846153846 0.20192307692307693 0.28365384615384615
5 0.4423076923076923 0.33413461538461536 0.17067307692307693 0.0985576923076923
5 0.8497596153846154 0.2403846153846154 0.052884615384615384 0.0625
5 0.7884615384615384 0.27403846153846156 0.06971153846153846 0.057692307692307696
5 0.21153846153846154 0.4423076923076923 0.17307692307692307 0.10576923076923077
5 0.3641826923076923 0.4098557692307692 0.13701923076923078 0.08173076923076923
5 0.037259615384615384 0.5024038461538461 0.07451923076923077 0.08173076923076923
5 0.5132211538461539 0.4074519230769231 0.20192307692307693 0.11057692307692307
5 0.27884615384615385 0.49278846153846156 0.18509615384615385 0.10817307692307693
5 0.08413461538461539 0.5456730769230769 0.16826923076923078 0.125
5 0.7295673076923077 0.3870192307692308 0.20673076923076922 0.17307692307692307
5 0.5793269230769231 0.43990384615384615 0.1346153846153846 0.09134615384615384
5 0.8713942307692307 0.39302884615384615 0.11778846153846154 0.11538461538461539
5 0.4795673076923077 0.5072115384615384 0.16826923076923078 0.11057692307692307
5 0.09254807692307693 0.6189903846153846 0.07692307692307693 0.057692307692307696
5 0.6274038461538461 0.5588942307692307 0.31490384615384615 0.18028846153846154
5 0.35336538461538464 0.6310096153846154 0.1778846153846154 0.13221153846153846
5 0.8870192307692307 0.5048076923076923 0.08653846153846154 0.06490384615384616
5 0.8329326923076923 0.5661057692307693 0.15384615384615385 0.10576923076923077
5 0.5144230769230769 0.6634615384615384 0.15865384615384615 0.1201923076923077
5 0.9555288461538461 0.5721153846153846 0.0889423076923077 0.08653846153846154
5 0.30288461538461536 0.7572115384615384 0.2091346153846154 0.1201923076923077
5 0.8221153846153846 0.6911057692307693 0.19471153846153846 0.15384615384615385
5 0.6586538461538461 0.7403846153846154 0.21153846153846154 0.14423076923076922
5 0.21033653846153846 0.8665865384615384 0.12740384615384615 0.12259615384615384
5 0.5384615384615384 0.8473557692307693 0.19471153846153846 0.13701923076923078
5 0.41586538461538464 0.9014423076923077 0.09375 0.08653846153846154
5 0.9050480769230769 0.7848557692307693 0.1201923076923077 0.09615384615384616
5 0.7415865384615384 0.8605769230769231 0.28125 0.22355769230769232
5 0.8762019230769231 0.8858173076923077 0.11057692307692307 0.07932692307692307