5 0.7139423076923077 0.7860576923076923 0.11057692307692307 0.10576923076923077
5 0.6526442307692307 0.6742788461538461 0.1201923076923077 0.11298076923076923
5 0.171875 0.7572115384615384 0.25961538461538464 0.2860576923076923
5 0.7307692307692307 0.59375 0.07932692307692307 0.08413461538461539
5 0.3858173076923077 0.5564903846153846 0.18269230769230768 0.12740384615384615
5 0.6478365384615384 0.4266826923076923 0.15144230769230768 0.1466346153846154
5 0.3161057692307692 0.9567307692307693 0.14182692307692307 0.08653846153846154
5 0.6033653846153846 0.3112980769230769 0.08653846153846154 0.0889423076923077
5 0.8185096153846154 0.24278846153846154 0.13221153846153846 0.13701923076923078
5 0.5396634615384616 0.16105769230769232 0.25961538461538464 0.15625
5 0.6694711538461539 0.05048076923076923 0.17067307692307693 0.10096153846153846