5 0.7800480769230769 0.6670673076923077 0.07932692307692307 0.10576923076923077
5 0.16105769230769232 0.5336538461538461 0.04326923076923077 0.06490384615384616
5 0.6021634615384616 0.6189903846153846 0.11057692307692307 0.15865384615384615
5 0.7367788461538461 0.5564903846153846 0.10336538461538461 0.15384615384615385
5 0.44711538461538464 0.46033653846153844 0.18028846153846154 0.25961538461538464
5 0.6358173076923077 0.421875 0.07692307692307693 0.10576923076923077
5 0.21875 0.8834134615384616 0.10576923076923077 0.10336538461538461
5 0.38341346153846156 0.33413461538461536 0.08413461538461539 0.1346153846153846
5 0.6358173076923077 0.3088942307692308 0.06490384615384616 0.07692307692307693
5 0.7403846153846154 0.3293269230769231 0.0985576923076923 0.10336538461538461
5 0.5637019230769231 0.2620192307692308 0.04567307692307692 0.07692307692307693
5 0.28846153846153844 0.18269230769230768 0.038461538461538464 0.055288461538461536
5 0.609375 0.9266826923076923 0.0985576923076923 0.0985576923076923
5 0.6971153846153846 0.8978365384615384 0.055288461538461536 0.06490384615384616
5 0.5084134615384616 0.8497596153846154 0.06009615384615385 0.0673076923076923
5 0.06009615384615385 0.7139423076923077 0.055288461538461536 0.07932692307692307
5 0.2644230769230769 0.7295673076923077 0.052884615384615384 0.07451923076923077
5 0.47836538461538464 0.7451923076923077 0.08653846153846154 0.1201923076923077
5 0.3449519230769231 0.7019230769230769 0.09615384615384616 0.11538461538461539
5 0.1971153846153846 0.6502403846153846 0.06009615384615385 0.08413461538461539
5 0.7247596153846154 0.7079326923076923 0.07211538461538461 0.08173076923076923