5 0.5709134615384616 0.8425480769230769 0.0625 0.0625
5 0.20793269230769232 0.7944711538461539 0.04807692307692308 0.06490384615384616
5 0.6442307692307693 0.8245192307692307 0.08413461538461539 0.12980769230769232
5 0.2247596153846154 0.7536057692307693 0.040865384615384616 0.04807692307692308
5 0.6442307692307693 0.7475961538461539 0.057692307692307696 0.06971153846153846
5 0.27163461538461536 0.6983173076923077 0.06009615384615385 0.07451923076923077
5 0.5769230769230769 0.7199519230769231 0.0673076923076923 0.06971153846153846
5 0.4050480769230769 0.6706730769230769 0.03125 0.06971153846153846
5 0.5192307692307693 0.6490384615384616 0.052884615384615384 0.0625
5 0.2956730769230769 0.5973557692307693 0.06490384615384616 0.09134615384615384
5 0.6490384615384616 0.6322115384615384 0.09134615384615384 0.11298076923076923
5 0.7427884615384616 0.6286057692307693 0.11778846153846154 0.3605769230769231
5 0.47836538461538464 0.5949519230769231 0.038461538461538464 0.055288461538461536
5 0.5420673076923077 0.5697115384615384 0.08653846153846154 0.07692307692307693
5 0.421875 0.5480769230769231 0.04567307692307692 0.04326923076923077
5 0.31850961538461536 0.4254807692307692 0.10576923076923077 0.17067307692307693
5 0.4362980769230769 0.4326923076923077 0.06490384615384616 0.10096153846153846
5 0.25961538461538464 0.9182692307692307 0.0673076923076923 0.08413461538461539
5 0.5625 0.40024038461538464 0.1658653846153846 0.2091346153846154
5 0.6670673076923077 0.3641826923076923 0.09615384615384616 0.31490384615384615
5 0.7884615384615384 0.359375 0.052884615384615384 0.052884615384615384
5 0.4170673076923077 0.3112980769230769 0.07692307692307693 0.10576923076923077
5 0.5673076923076923 0.24519230769230768 0.1658653846153846 0.14423076923076922
5 0.36658653846153844 0.17307692307692307 0.1971153846153846 0.29086538461538464
5 0.49399038461538464 0.15745192307692307 0.052884615384615384 0.052884615384615384
5 0.6418269230769231 0.9122596153846154 0.07692307692307693 0.07692307692307693
5 0.3137019230769231 0.8317307692307693 0.04807692307692308 0.0625