5 0.30408653846153844 0.7584134615384616 0.21875 0.28846153846153844
5 0.42908653846153844 0.6598557692307693 0.17307692307692307 0.11057692307692307
5 0.8257211538461539 0.7884615384615384 0.055288461538461536 0.06490384615384616
5 0.7668269230769231 0.75 0.07211538461538461 0.06009615384615385
5 0.20793269230769232 0.5324519230769231 0.17307692307692307 0.11778846153846154
5 0.3557692307692308 0.578125 0.13942307692307693 0.09134615384615384
5 0.039663461538461536 0.4543269230769231 0.07932692307692307 0.08653846153846154
5 0.5048076923076923 0.59375 0.20192307692307693 0.125
5 0.27884615384615385 0.4879807692307692 0.18509615384615385 0.1201923076923077
5 0.08774038461538461 0.4170673076923077 0.17548076923076922 0.1346153846153846
5 0.71875 0.6322115384615384 0.21394230769230768 0.18509615384615385
5 0.5733173076923077 0.5673076923076923 0.13701923076923078 0.0985576923076923
5 0.8605769230769231 0.6394230769230769 0.12259615384615384 0.1201923076923077
5 0.4807692307692308 0.49038461538461536 0.17067307692307693 0.1201923076923077
5 0.1045673076923077 0.34615384615384615 0.07932692307692307 0.0625
5 0.6322115384615384 0.453125 0.3173076923076923 0.20192307692307693
5 0.36538461538461536 0.35697115384615385 0.18269230769230768 0.14423076923076922
5 0.8858173076923077 0.5288461538461539 0.0889423076923077 0.06971153846153846
5 0.8377403846153846 0.4639423076923077 0.15625 0.11538461538461539
5 0.5288461538461539 0.3389423076923077 0.16105769230769232 0.12980769230769232
5 0.9567307692307693 0.4675480769230769 0.08653846153846154 0.09375
5 0.32572115384615385 0.22596153846153846 0.21153846153846154 0.1346153846153846
5 0.8377403846153846 0.33774038461538464 0.20192307692307693 0.1658653846153846
5 0.6790865384615384 0.27403846153846156 0.21394230769230768 0.15625
5 0.24278846153846154 0.109375 0.1346153846153846 0.12980769230769232
5 0.5685096153846154 0.15745192307692307 0.19951923076923078 0.14903846153846154
5 0.45072115384615385 0.09254807692307693 0.0985576923076923 0.09134615384615384
5 0.9290865384615384 0.2512019230769231 0.125 0.10336538461538461
5 0.7716346153846154 0.16105769230769232 0.28846153846153844 0.2403846153846154
5 0.9086538461538461 0.14903846153846154 0.11298076923076923 0.08653846153846154