5 0.5769230769230769 0.9747596153846154 0.07692307692307693 0.05048076923076923
5 0.15985576923076922 0.9230769230769231 0.0985576923076923 0.0889423076923077
5 0.2800480769230769 0.8689903846153846 0.08413461538461539 0.07451923076923077
5 0.5336538461538461 0.7716346153846154 0.14182692307692307 0.10817307692307693
5 0.19951923076923078 0.8786057692307693 0.10336538461538461 0.09375
5 0.375 0.7896634615384616 0.0985576923076923 0.07692307692307693
5 0.8521634615384616 0.5757211538461539 0.055288461538461536 0.04807692307692308
5 0.7680288461538461 0.5769230769230769 0.11298076923076923 0.10336538461538461
5 0.29447115384615385 0.7079326923076923 0.11057692307692307 0.10096153846153846
5 0.18389423076923078 0.7259615384615384 0.06490384615384616 0.057692307692307696
5 0.4254807692307692 0.6418269230769231 0.16346153846153846 0.1346153846153846
5 0.59375 0.5673076923076923 0.04807692307692308 0.05048076923076923
5 0.7319711538461539 0.5048076923076923 0.09615384615384616 0.07692307692307693
5 0.17427884615384615 0.6706730769230769 0.055288461538461536 0.04326923076923077
5 0.8653846153846154 0.4170673076923077 0.07692307692307693 0.0673076923076923
5 0.9146634615384616 0.38221153846153844 0.08413461538461539 0.07451923076923077
5 0.32572115384615385 0.5709134615384616 0.17307692307692307 0.14903846153846154
5 0.3762019230769231 0.9891826923076923 0.09375 0.021634615384615384
5 0.6766826923076923 0.43509615384615385 0.0889423076923077 0.07451923076923077
5 0.8762019230769231 0.3485576923076923 0.08653846153846154 0.07451923076923077
5 0.625 0.9266826923076923 0.07692307692307693 0.0673076923076923
5 0.7487980769230769 0.33533653846153844 0.09615384615384616 0.07932692307692307
5 0.26802884615384615 0.45913461538461536 0.22596153846153846 0.20192307692307693
5 0.7019230769230769 0.22956730769230768 0.08413461538461539 0.06490384615384616
5 0.17427884615384615 0.3954326923076923 0.06009615384615385 0.052884615384615384
5 0.5673076923076923 0.23076923076923078 0.11298076923076923 0.09375
5 0.6935096153846154 0.17908653846153846 0.0673076923076923 0.052884615384615384
5 0.23076923076923078 0.31971153846153844 0.12259615384615384 0.09375
5 0.006009615384615385 0.3858173076923077 0.01201923076923077 0.05048076923076923
5 0.34134615384615385 0.24639423076923078 0.19951923076923078 0.17307692307692307
5 0.04447115384615385 0.3473557692307692 0.07451923076923077 0.06009615384615385
5 0.5588942307692307 0.16706730769230768 0.0625 0.04807692307692308
5 0.43509615384615385 0.1971153846153846 0.09375 0.07692307692307693
5 0.15264423076923078 0.28846153846153844 0.11538461538461539 0.11538461538461539
5 0.9038461538461539 0.8016826923076923 0.0673076923076923 0.055288461538461536
5 0.07451923076923077 0.25 0.06009615384615385 0.052884615384615384
5 0.4026442307692308 0.12980769230769232 0.13701923076923078 0.11538461538461539
5 0.5432692307692307 0.06370192307692307 0.13942307692307693 0.09375
5 0.7367788461538461 0.010817307692307692 0.07451923076923077 0.021634615384615384
5 0.04447115384615385 0.1935096153846154 0.0889423076923077 0.12259615384615384
5 0.46274038461538464 0.04807692307692308 0.20432692307692307 0.09615384615384616
5 0.6730769230769231 0.8617788461538461 0.07932692307692307 0.0625
5 0.421875 0.9423076923076923 0.1346153846153846 0.11538461538461539
5 0.9831730769230769 0.7235576923076923 0.03365384615384615 0.08653846153846154
5 0.5396634615384616 0.8689903846153846 0.10096153846153846 0.08173076923076923
5 0.17307692307692307 0.9675480769230769 0.09134615384615384 0.06490384615384616
5 0.7548076923076923 0.7668269230769231 0.0625 0.06009615384615385