5 0.21394230769230768 0.6538461538461539 0.04807692307692308 0.057692307692307696
5 0.5516826923076923 0.6670673076923077 0.055288461538461536 0.10576923076923077
5 0.2668269230769231 0.6334134615384616 0.028846153846153848 0.04807692307692308
5 0.3233173076923077 0.6334134615384616 0.03365384615384615 0.04567307692307692
5 0.7235576923076923 0.6658653846153846 0.028846153846153848 0.036057692307692304
5 0.16947115384615385 0.6069711538461539 0.04326923076923077 0.07451923076923077
5 0.40865384615384615 0.6262019230769231 0.08653846153846154 0.11778846153846154
5 0.6826923076923077 0.6358173076923077 0.038461538461538464 0.055288461538461536
5 0.22716346153846154 0.5588942307692307 0.04567307692307692 0.08173076923076923
5 0.7283653846153846 0.6033653846153846 0.05048076923076923 0.08173076923076923
5 0.38341346153846156 0.5456730769230769 0.04326923076923077 0.055288461538461536
5 0.6274038461538461 0.5168269230769231 0.04807692307692308 0.06009615384615385
5 0.36177884615384615 0.9350961538461539 0.05048076923076923 0.04326923076923077
5 0.421875 0.48197115384615385 0.10817307692307693 0.08653846153846154
5 0.671875 0.4831730769230769 0.038461538461538464 0.04807692307692308
5 0.17427884615384615 0.42908653846153844 0.036057692307692304 0.06009615384615385
5 0.49038461538461536 0.4579326923076923 0.040865384615384616 0.06490384615384616
5 0.3076923076923077 0.4254807692307692 0.06971153846153846 0.07932692307692307
5 0.32211538461538464 0.9254807692307693 0.028846153846153848 0.038461538461538464
5 0.6622596153846154 0.4230769230769231 0.03365384615384615 0.06009615384615385
5 0.5973557692307693 0.41346153846153844 0.040865384615384616 0.05048076923076923
5 0.41586538461538464 0.390625 0.06009615384615385 0.06971153846153846
5 0.5492788461538461 0.39783653846153844 0.038461538461538464 0.04567307692307692
5 0.2980769230769231 0.36658653846153844 0.057692307692307696 0.07932692307692307
5 0.34615384615384615 0.36177884615384615 0.052884615384615384 0.0673076923076923
5 0.41586538461538464 0.9302884615384616 0.040865384615384616 0.06009615384615385
5 0.5288461538461539 0.37259615384615385 0.04326923076923077 0.04807692307692308
5 0.7199519230769231 0.38221153846153844 0.052884615384615384 0.07692307692307693
5 0.38461538461538464 0.3389423076923077 0.036057692307692304 0.04326923076923077
5 0.4795673076923077 0.3004807692307692 0.06971153846153846 0.10096153846153846
5 0.3762019230769231 0.2824519230769231 0.03125 0.052884615384615384
5 0.3918269230769231 0.2608173076923077 0.04326923076923077 0.04807692307692308
5 0.43028846153846156 0.23918269230769232 0.05048076923076923 0.06971153846153846
5 0.29086538461538464 0.20673076923076922 0.0625 0.09134615384615384
5 0.5036057692307693 0.21394230769230768 0.10576923076923077 0.10096153846153846
5 0.34975961538461536 0.18509615384615385 0.06490384615384616 0.0985576923076923
5 0.4110576923076923 0.1658653846153846 0.0625 0.057692307692307696
5 0.2776442307692308 0.10216346153846154 0.06009615384615385 0.08173076923076923
5 0.7103365384615384 0.12860576923076922 0.055288461538461536 0.057692307692307696
5 0.5324519230769231 0.1045673076923077 0.06971153846153846 0.1201923076923077
5 0.7752403846153846 0.11298076923076923 0.05048076923076923 0.06009615384615385
5 0.6069711538461539 0.08533653846153846 0.07211538461538461 0.0625
5 0.7427884615384616 0.078125 0.0889423076923077 0.06971153846153846
5 0.36538461538461536 0.8834134615384616 0.040865384615384616 0.055288461538461536
5 0.33653846153846156 0.8737980769230769 0.040865384615384616 0.040865384615384616
5 0.5348557692307693 0.8569711538461539 0.055288461538461536 0.10576923076923077
5 0.3713942307692308 0.8329326923076923 0.06009615384615385 0.06971153846153846
5 0.3317307692307692 0.7956730769230769 0.036057692307692304 0.057692307692307696
5 0.609375 0.8161057692307693 0.040865384615384616 0.040865384615384616
5 0.28725961538461536 0.7728365384615384 0.057692307692307696 0.0673076923076923
5 0.44350961538461536 0.7872596153846154 0.057692307692307696 0.07932692307692307
5 0.3173076923076923 0.7608173076923077 0.036057692307692304 0.04567307692307692
5 0.4014423076923077 0.7536057692307693 0.06971153846153846 0.08653846153846154
5 0.3545673076923077 0.7391826923076923 0.036057692307692304 0.057692307692307696
5 0.21514423076923078 0.7199519230769231 0.038461538461538464 0.06971153846153846
5 0.25961538461538464 0.7211538461538461 0.04567307692307692 0.06009615384615385
5 0.6622596153846154 0.7151442307692307 0.052884615384615384 0.06971153846153846
5 0.7223557692307693 0.7151442307692307 0.040865384615384616 0.057692307692307696