5 0.46274038461538464 0.27524038461538464 0.12980769230769232 0.13701923076923078
5 0.5697115384615384 0.2620192307692308 0.12980769230769232 0.125
5 0.27403846153846156 0.3942307692307692 0.10336538461538461 0.10817307692307693
5 0.6742788461538461 0.30649038461538464 0.0673076923076923 0.08173076923076923
5 0.5757211538461539 0.3425480769230769 0.09615384615384616 0.10817307692307693
5 0.26802884615384615 0.5612980769230769 0.0673076923076923 0.07692307692307693
5 0.5384615384615384 0.49278846153846156 0.11298076923076923 0.1346153846153846
5 0.36177884615384615 0.84375 0.12740384615384615 0.15144230769230768
5 0.609375 0.8401442307692307 0.09615384615384616 0.11057692307692307
5 0.4855769230769231 0.8810096153846154 0.10817307692307693 0.11778846153846154
5 0.6670673076923077 0.8545673076923077 0.11057692307692307 0.12740384615384615
5 0.2776442307692308 0.2127403846153846 0.23557692307692307 0.2620192307692308
5 0.17668269230769232 0.25600961538461536 0.0889423076923077 0.08653846153846154
5 0.484375 0.17307692307692307 0.1346153846153846 0.12740384615384615