5 0.6742788461538461 0.9543269230769231 0.07451923076923077 0.052884615384615384
5 0.9795673076923077 0.6959134615384616 0.040865384615384616 0.07932692307692307
5 0.875 0.7103365384615384 0.07932692307692307 0.0673076923076923
5 0.6069711538461539 0.7524038461538461 0.13701923076923078 0.09375
5 0.9495192307692307 0.6766826923076923 0.09615384615384616 0.08413461538461539
5 0.7536057692307693 0.6887019230769231 0.09615384615384616 0.0673076923076923
5 0.23317307692307693 0.7415865384615384 0.052884615384615384 0.04326923076923077
5 0.30649038461538464 0.7007211538461539 0.10576923076923077 0.09375
5 0.7824519230769231 0.5769230769230769 0.10336538461538461 0.09375
5 0.8870192307692307 0.5372596153846154 0.0625 0.052884615384615384
5 0.6358173076923077 0.5853365384615384 0.15625 0.1201923076923077
5 0.4519230769230769 0.6045673076923077 0.04326923076923077 0.04567307692307692
5 0.3016826923076923 0.6201923076923077 0.09134615384615384 0.0673076923076923
5 0.8665865384615384 0.4855769230769231 0.052884615384615384 0.038461538461538464
5 0.14182692307692307 0.6117788461538461 0.07211538461538461 0.06009615384615385
5 0.08173076923076923 0.6057692307692307 0.07692307692307693 0.06971153846153846
5 0.6862980769230769 0.47475961538461536 0.16346153846153846 0.13221153846153846
5 0.8665865384615384 0.8870192307692307 0.0889423076923077 0.07211538461538461
5 0.31490384615384615 0.5324519230769231 0.08413461538461539 0.06490384615384616
5 0.0985576923076923 0.5576923076923077 0.08173076923076923 0.06490384615384616
5 0.6045673076923077 0.9326923076923077 0.07211538461538461 0.06009615384615385
5 0.203125 0.48197115384615385 0.09134615384615384 0.06971153846153846
5 0.6802884615384616 0.3485576923076923 0.21153846153846154 0.18269230769230768
5 0.9423076923076923 0.22956730769230768 0.036057692307692304 0.04807692307692308
5 0.18990384615384615 0.36658653846153844 0.08173076923076923 0.055288461538461536
5 0.7295673076923077 0.24759615384615385 0.055288461538461536 0.04807692307692308
5 0.30649038461538464 0.3004807692307692 0.10817307692307693 0.08413461538461539
5 0.171875 0.31850961538461536 0.0625 0.04567307692307692
5 0.6430288461538461 0.2091346153846154 0.1201923076923077 0.08173076923076923
5 0.8894230769230769 0.14543269230769232 0.05048076923076923 0.04567307692307692
5 0.5108173076923077 0.20192307692307693 0.18990384615384615 0.15384615384615385
5 0.8185096153846154 0.140625 0.06971153846153846 0.052884615384615384
5 0.28365384615384615 0.2403846153846154 0.06009615384615385 0.040865384615384616
5 0.4050480769230769 0.20552884615384615 0.09134615384615384 0.06971153846153846
5 0.6947115384615384 0.14423076923076922 0.10817307692307693 0.10817307692307693
5 0.3016826923076923 0.9639423076923077 0.06490384615384616 0.04807692307692308
5 0.7439903846153846 0.07091346153846154 0.057692307692307696 0.04567307692307692
5 0.39903846153846156 0.12980769230769232 0.12980769230769232 0.10336538461538461
5 0.2439903846153846 0.14302884615384615 0.13701923076923078 0.07692307692307693
5 0.039663461538461536 0.17668269230769232 0.07211538461538461 0.057692307692307696
5 0.765625 0.02403846153846154 0.13701923076923078 0.04807692307692308
5 0.2980769230769231 0.07932692307692307 0.20192307692307693 0.0985576923076923
5 0.53125 0.8990384615384616 0.07692307692307693 0.052884615384615384
5 0.7884615384615384 0.84375 0.12980769230769232 0.10336538461538461
5 0.16466346153846154 0.953125 0.09375 0.07932692307692307
5 0.6502403846153846 0.8389423076923077 0.09615384615384616 0.07211538461538461
5 0.9891826923076923 0.75 0.021634615384615384 0.07692307692307693
5 0.41346153846153844 0.8581730769230769 0.057692307692307696 0.055288461538461536