5 0.296875 0.20552884615384615 0.10817307692307693 0.10336538461538461
5 0.35336538461538464 0.31971153846153844 0.11778846153846154 0.11057692307692307
5 0.8365384615384616 0.2548076923076923 0.25240384615384615 0.28125
5 0.27163461538461536 0.39903846153846156 0.07692307692307693 0.08173076923076923
5 0.6153846153846154 0.44711538461538464 0.18028846153846154 0.12259615384615384
5 0.34975961538461536 0.5673076923076923 0.14903846153846154 0.14182692307692307
5 0.6971153846153846 0.04447115384615385 0.13942307692307693 0.0889423076923077
5 0.390625 0.6850961538461539 0.08413461538461539 0.08653846153846154
5 0.17307692307692307 0.7451923076923077 0.12980769230769232 0.1346153846153846
5 0.4483173076923077 0.8377403846153846 0.25721153846153844 0.14903846153846154
5 0.3125 0.9471153846153846 0.16826923076923078 0.10576923076923077