5 0.296875 0.7836538461538461 0.07211538461538461 0.07211538461538461
5 0.6466346153846154 0.8882211538461539 0.06009615384615385 0.07211538461538461
5 0.23557692307692307 0.7379807692307693 0.10576923076923077 0.13942307692307693
5 0.6490384615384616 0.84375 0.04807692307692308 0.052884615384615384
5 0.26802884615384615 0.6670673076923077 0.06971153846153846 0.07692307692307693
5 0.6286057692307693 0.7740384615384616 0.07211538461538461 0.08173076923076923
5 0.3401442307692308 0.6694711538461539 0.07692307692307693 0.07932692307692307
5 0.5180288461538461 0.6947115384615384 0.04567307692307692 0.07211538461538461
5 0.421875 0.6286057692307693 0.0625 0.06971153846153846
5 0.6478365384615384 0.671875 0.07932692307692307 0.0985576923076923
5 0.31009615384615385 0.5600961538461539 0.10817307692307693 0.125
5 0.22596153846153846 0.5180288461538461 0.1875 0.3605769230769231
5 0.48197115384615385 0.5949519230769231 0.04807692307692308 0.06009615384615385
5 0.4326923076923077 0.546875 0.09615384615384616 0.0889423076923077
5 0.5516826923076923 0.5757211538461539 0.05048076923076923 0.05048076923076923
5 0.6971153846153846 0.5060096153846154 0.13701923076923078 0.18269230769230768
5 0.5865384615384616 0.4651442307692308 0.08173076923076923 0.10817307692307693
5 0.5492788461538461 0.9663461538461539 0.07932692307692307 0.0673076923076923
5 0.4831730769230769 0.38341346153846156 0.19951923076923078 0.23076923076923078
5 0.4026442307692308 0.3076923076923077 0.15625 0.3125
5 0.29447115384615385 0.2548076923076923 0.0625 0.06009615384615385
5 0.6526442307692307 0.36177884615384615 0.09375 0.11538461538461539
5 0.5432692307692307 0.23918269230769232 0.1875 0.17067307692307693
5 0.7548076923076923 0.25600961538461536 0.24519230769230768 0.3125
5 0.6454326923076923 0.18990384615384615 0.0625 0.06009615384615385
5 0.203125 0.8197115384615384 0.0889423076923077 0.0889423076923077
5 0.5348557692307693 0.8786057692307693 0.06009615384615385 0.0673076923076923