5 0.2800480769230769 0.7379807692307693 0.052884615384615384 0.06009615384615385
5 0.6033653846153846 0.6418269230769231 0.0673076923076923 0.10817307692307693
5 0.3233173076923077 0.7019230769230769 0.03365384615384615 0.05048076923076923
5 0.3762019230769231 0.6838942307692307 0.038461538461538464 0.04807692307692308
5 0.7644230769230769 0.5841346153846154 0.03365384615384615 0.038461538461538464
5 0.22235576923076922 0.7079326923076923 0.05048076923076923 0.07692307692307693
5 0.4543269230769231 0.6490384615384616 0.0985576923076923 0.125
5 0.7163461538461539 0.5685096153846154 0.04567307692307692 0.06009615384615385
5 0.2608173076923077 0.6454326923076923 0.055288461538461536 0.08413461538461539
5 0.75 0.5240384615384616 0.057692307692307696 0.08413461538461539
5 0.4050480769230769 0.5805288461538461 0.04807692307692308 0.06009615384615385
5 0.6262019230769231 0.47475961538461536 0.052884615384615384 0.0625
5 0.5108173076923077 0.9567307692307693 0.055288461538461536 0.04807692307692308
5 0.4206730769230769 0.5084134615384616 0.11538461538461539 0.09615384615384616
5 0.6574519230769231 0.42788461538461536 0.04326923076923077 0.05048076923076923
5 0.16826923076923078 0.5396634615384616 0.04326923076923077 0.0625
5 0.47716346153846156 0.4639423076923077 0.04807692307692308 0.06971153846153846
5 0.2932692307692308 0.49158653846153844 0.07692307692307693 0.08653846153846154
5 0.47115384615384615 0.9603365384615384 0.03125 0.038461538461538464
5 0.6286057692307693 0.3737980769230769 0.040865384615384616 0.0625
5 0.5637019230769231 0.3870192307692308 0.04567307692307692 0.055288461538461536
5 0.38461538461538464 0.42427884615384615 0.0673076923076923 0.07451923076923077
5 0.5132211538461539 0.3870192307692308 0.04326923076923077 0.05048076923076923
5 0.265625 0.43990384615384615 0.06490384615384616 0.08413461538461539
5 0.31009615384615385 0.41947115384615385 0.06009615384615385 0.07211538461538461
5 0.5600961538461539 0.9338942307692307 0.04567307692307692 0.0625
5 0.4855769230769231 0.3701923076923077 0.04807692307692308 0.052884615384615384
5 0.6694711538461539 0.3161057692307692 0.06009615384615385 0.08173076923076923
5 0.3389423076923077 0.3858173076923077 0.038461538461538464 0.04567307692307692
5 0.41586538461538464 0.31850961538461536 0.07932692307692307 0.10576923076923077
5 0.3125 0.33533653846153844 0.036057692307692304 0.052884615384615384
5 0.31971153846153844 0.3088942307692308 0.04807692307692308 0.052884615384615384
5 0.34975961538461536 0.27524038461538464 0.057692307692307696 0.07451923076923077
5 0.20673076923076922 0.2920673076923077 0.07211538461538461 0.09615384615384616
5 0.4098557692307692 0.2283653846153846 0.11538461538461539 0.11057692307692307
5 0.2548076923076923 0.25240384615384615 0.07451923076923077 0.10336538461538461
5 0.30649038461538464 0.2127403846153846 0.0673076923076923 0.06490384615384616
5 0.15985576923076922 0.19591346153846154 0.0673076923076923 0.08653846153846154
5 0.578125 0.07932692307692307 0.06009615384615385 0.0625
5 0.4014423076923077 0.11538461538461539 0.08173076923076923 0.125
5 0.6346153846153846 0.04447115384615385 0.055288461538461536 0.06490384615384616
5 0.4651442307692308 0.0733173076923077 0.07692307692307693 0.06971153846153846
5 0.5925480769230769 0.03125 0.09375 0.0625
5 0.49759615384615385 0.90625 0.04567307692307692 0.06009615384615385
5 0.4675480769230769 0.9074519230769231 0.04567307692307692 0.04567307692307692
5 0.6490384615384616 0.8257211538461539 0.0673076923076923 0.10817307692307693
5 0.4879807692307692 0.8569711538461539 0.0673076923076923 0.07451923076923077
5 0.4362980769230769 0.8341346153846154 0.04326923076923077 0.06009615384615385
5 0.7067307692307693 0.7632211538461539 0.04326923076923077 0.04567307692307692
5 0.38822115384615385 0.8269230769230769 0.0625 0.07211538461538461
5 0.5396634615384616 0.7908653846153846 0.06490384615384616 0.08413461538461539
5 0.41225961538461536 0.8064903846153846 0.040865384615384616 0.05048076923076923
5 0.4891826923076923 0.7716346153846154 0.07692307692307693 0.09134615384615384
5 0.4411057692307692 0.7740384615384616 0.040865384615384616 0.06009615384615385
5 0.3016826923076923 0.8016826923076923 0.04567307692307692 0.07211538461538461
5 0.3449519230769231 0.7872596153846154 0.052884615384615384 0.06490384615384616
5 0.7235576923076923 0.6502403846153846 0.06009615384615385 0.07451923076923077
5 0.78125 0.6310096153846154 0.04567307692307692 0.0625