5 0.7055288461538461 0.9411057692307693 0.07451923076923077 0.057692307692307696
5 0.984375 0.6598557692307693 0.03125 0.08413461538461539
5 0.8882211538461539 0.6826923076923077 0.08173076923076923 0.06971153846153846
5 0.6237980769230769 0.7439903846153846 0.13942307692307693 0.10336538461538461
5 0.9543269230769231 0.6454326923076923 0.09134615384615384 0.0889423076923077
5 0.765625 0.6706730769230769 0.0985576923076923 0.07211538461538461
5 0.2512019230769231 0.7596153846153846 0.052884615384615384 0.04567307692307692
5 0.32091346153846156 0.7139423076923077 0.11057692307692307 0.0985576923076923
5 0.7872596153846154 0.5576923076923077 0.10817307692307693 0.0985576923076923
5 0.8882211538461539 0.5108173076923077 0.06490384615384616 0.055288461538461536
5 0.640625 0.5757211538461539 0.16105769230769232 0.12740384615384615
5 0.45913461538461536 0.6081730769230769 0.04567307692307692 0.04807692307692308
5 0.3112980769230769 0.6346153846153846 0.09375 0.07211538461538461
5 0.8653846153846154 0.45913461538461536 0.052884615384615384 0.040865384615384616
5 0.1502403846153846 0.6358173076923077 0.07451923076923077 0.06490384615384616
5 0.09014423076923077 0.6346153846153846 0.08173076923076923 0.07211538461538461
5 0.6838942307692307 0.46153846153846156 0.16826923076923078 0.14182692307692307
5 0.8930288461538461 0.8605769230769231 0.09134615384615384 0.07692307692307693
5 0.31850961538461536 0.5444711538461539 0.08653846153846154 0.06971153846153846
5 0.10336538461538461 0.5853365384615384 0.08413461538461539 0.06971153846153846
5 0.6346153846153846 0.9242788461538461 0.07451923076923077 0.0625
5 0.20192307692307693 0.5024038461538461 0.09375 0.07451923076923077
5 0.6694711538461539 0.33653846153846156 0.21875 0.19230769230769232
5 0.921875 0.19951923076923078 0.038461538461538464 0.05048076923076923
5 0.1814903846153846 0.38822115384615385 0.08173076923076923 0.06009615384615385
5 0.7115384615384616 0.23197115384615385 0.057692307692307696 0.05048076923076923
5 0.2932692307692308 0.3137019230769231 0.11057692307692307 0.0889423076923077
5 0.15985576923076922 0.3425480769230769 0.06490384615384616 0.05048076923076923
5 0.6225961538461539 0.19951923076923078 0.12259615384615384 0.08653846153846154
5 0.8629807692307693 0.11899038461538461 0.052884615384615384 0.04807692307692308
5 0.4891826923076923 0.20192307692307693 0.19471153846153846 0.16346153846153846
5 0.7920673076923077 0.11899038461538461 0.07211538461538461 0.057692307692307696
5 0.265625 0.25721153846153844 0.06009615384615385 0.04326923076923077
5 0.38461538461538464 0.2127403846153846 0.09375 0.07451923076923077
5 0.6694711538461539 0.1310096153846154 0.11298076923076923 0.11298076923076923
5 0.33413461538461536 0.9747596153846154 0.0673076923076923 0.05048076923076923
5 0.7127403846153846 0.055288461538461536 0.06009615384615385 0.05048076923076923
5 0.3737980769230769 0.13822115384615385 0.1346153846153846 0.11057692307692307
5 0.21995192307692307 0.1622596153846154 0.13942307692307693 0.08653846153846154
5 0.027644230769230768 0.2091346153846154 0.055288461538461536 0.0625
5 0.7283653846153846 0.018028846153846152 0.13942307692307693 0.036057692307692304
5 0.2692307692307692 0.09375 0.20432692307692307 0.11057692307692307
5 0.5588942307692307 0.8966346153846154 0.07692307692307693 0.057692307692307696
5 0.8112980769230769 0.8233173076923077 0.13221153846153846 0.10817307692307693
5 0.19591346153846154 0.9663461538461539 0.0985576923076923 0.0673076923076923
5 0.6742788461538461 0.828125 0.0985576923076923 0.07692307692307693
5 0.4387019230769231 0.8641826923076923 0.06009615384615385 0.057692307692307696