5 0.5360576923076923 0.16706730769230768 0.15144230769230768 0.0889423076923077
5 0.28725961538461536 0.2439903846153846 0.0985576923076923 0.08173076923076923
5 0.5060096153846154 0.03365384615384615 0.14182692307692307 0.0673076923076923
5 0.5384615384615384 0.3329326923076923 0.6322115384615384 0.2956730769230769
5 0.3016826923076923 0.3798076923076923 0.2692307692307692 0.13942307692307693
5 0.7331730769230769 0.4879807692307692 0.22115384615384615 0.17548076923076922
5 0.6430288461538461 0.5649038461538461 0.09615384615384616 0.08173076923076923
5 0.375 0.5192307692307693 0.43028846153846156 0.23557692307692307
5 0.7572115384615384 0.10336538461538461 0.08173076923076923 0.06971153846153846
5 0.3641826923076923 0.6887019230769231 0.14423076923076922 0.08653846153846154
5 0.59375 0.7836538461538461 0.30288461538461536 0.18990384615384615
5 0.2824519230769231 0.7283653846153846 0.22596153846153846 0.12980769230769232
5 0.5817307692307693 0.11538461538461539 0.0673076923076923 0.057692307692307696
5 0.5576923076923077 0.12860576923076922 0.06009615384615385 0.05048076923076923