5 0.35697115384615385 0.7908653846153846 0.1778846153846154 0.27403846153846156
5 0.46033653846153844 0.6706730769230769 0.16826923076923078 0.08413461538461539
5 0.875 0.7211538461538461 0.04807692307692308 0.06009615384615385
5 0.8100961538461539 0.6935096153846154 0.0673076923076923 0.05048076923076923
5 0.21995192307692307 0.5877403846153846 0.16826923076923078 0.09134615384615384
5 0.3737980769230769 0.6033653846153846 0.1346153846153846 0.06971153846153846
5 0.037259615384615384 0.5444711538461539 0.07451923076923077 0.07451923076923077
5 0.5228365384615384 0.5901442307692307 0.19951923076923078 0.09134615384615384
5 0.28125 0.5300480769230769 0.18028846153846154 0.09134615384615384
5 0.08052884615384616 0.49759615384615385 0.16105769230769232 0.11057692307692307
5 0.7403846153846154 0.5889423076923077 0.1971153846153846 0.15625
5 0.5853365384615384 0.5516826923076923 0.12980769230769232 0.07932692307692307
5 0.8798076923076923 0.5685096153846154 0.11057692307692307 0.10576923076923077
5 0.47836538461538464 0.4951923076923077 0.16346153846153846 0.09615384615384616
5 0.08173076923076923 0.42427884615384615 0.07451923076923077 0.05048076923076923
5 0.6201923076923077 0.42788461538461536 0.3076923076923077 0.15384615384615385
5 0.3401442307692308 0.3858173076923077 0.17067307692307693 0.11778846153846154
5 0.8834134615384616 0.4543269230769231 0.08413461538461539 0.057692307692307696
5 0.8245192307692307 0.40024038461538464 0.14903846153846154 0.09134615384615384
5 0.49759615384615385 0.33533653846153844 0.15144230769230768 0.10817307692307693
5 0.9519230769230769 0.3786057692307692 0.09375 0.07932692307692307
5 0.2764423076923077 0.2644230769230769 0.20673076923076922 0.10096153846153846
5 0.8004807692307693 0.2764423076923077 0.1875 0.13942307692307693
5 0.6334134615384616 0.2439903846153846 0.20432692307692307 0.125
5 0.17307692307692307 0.16466346153846154 0.1201923076923077 0.11298076923076923
5 0.5012019230769231 0.1502403846153846 0.1875 0.1201923076923077
5 0.3737980769230769 0.109375 0.0889423076923077 0.07932692307692307
5 0.8737980769230769 0.17427884615384615 0.11538461538461539 0.08653846153846154
5 0.7019230769230769 0.11538461538461539 0.2692307692307692 0.20192307692307693
5 0.8341346153846154 0.07692307692307693 0.10576923076923077 0.06971153846153846