5 0.19471153846153846 0.6153846153846154 0.0625 0.0985576923076923
5 0.828125 0.5925480769230769 0.03365384615384615 0.06009615384615385
5 0.3786057692307692 0.5997596153846154 0.0889423076923077 0.14903846153846154
5 0.25721153846153844 0.5144230769230769 0.08173076923076923 0.14423076923076922
5 0.5588942307692307 0.4699519230769231 0.14182692307692307 0.24278846153846154
5 0.3798076923076923 0.39903846153846156 0.0625 0.0985576923076923
5 0.7103365384615384 0.9266826923076923 0.09375 0.0889423076923077
5 0.6442307692307693 0.35697115384615385 0.06490384615384616 0.125
5 0.40024038461538464 0.28846153846153844 0.055288461538461536 0.06971153846153846
5 0.2932692307692308 0.29086538461538464 0.08413461538461539 0.09134615384615384
5 0.47836538461538464 0.2548076923076923 0.036057692307692304 0.07211538461538461
5 0.7632211538461539 0.22355769230769232 0.028846153846153848 0.052884615384615384
5 0.31850961538461536 0.9002403846153846 0.08653846153846154 0.08653846153846154
5 0.23677884615384615 0.8581730769230769 0.04807692307692308 0.057692307692307696
5 0.43149038461538464 0.8425480769230769 0.05048076923076923 0.06009615384615385
5 0.8966346153846154 0.7872596153846154 0.04326923076923077 0.07451923076923077
5 0.6923076923076923 0.7680288461538461 0.04326923076923077 0.06971153846153846
5 0.47836538461538464 0.7451923076923077 0.06971153846153846 0.11057692307692307
5 0.6177884615384616 0.7259615384615384 0.07932692307692307 0.10336538461538461
5 0.7716346153846154 0.7007211538461539 0.04807692307692308 0.07932692307692307
5 0.24278846153846154 0.6658653846153846 0.06009615384615385 0.07211538461538461