5 0.4543269230769231 0.7223557692307693 0.13221153846153846 0.13942307692307693
5 0.5612980769230769 0.7391826923076923 0.13221153846153846 0.12740384615384615
5 0.2704326923076923 0.5973557692307693 0.10576923076923077 0.11057692307692307
5 0.6682692307692307 0.6995192307692307 0.06971153846153846 0.08173076923076923
5 0.5697115384615384 0.6598557692307693 0.0985576923076923 0.10817307692307693
5 0.2704326923076923 0.43028846153846156 0.0673076923076923 0.07932692307692307
5 0.5372596153846154 0.5084134615384616 0.11538461538461539 0.1346153846153846
5 0.3737980769230769 0.15264423076923078 0.12980769230769232 0.15384615384615385
5 0.6213942307692307 0.16466346153846154 0.0985576923076923 0.11298076923076923
5 0.4987980769230769 0.11899038461538461 0.11057692307692307 0.11778846153846154
5 0.6790865384615384 0.15264423076923078 0.11298076923076923 0.12740384615384615
5 0.26802884615384615 0.7788461538461539 0.2403846153846154 0.2644230769230769
5 0.16826923076923078 0.7319711538461539 0.09134615384615384 0.0889423076923077
5 0.4735576923076923 0.8269230769230769 0.13701923076923078 0.12980769230769232