0 0.18389423076923078 0.5504807692307693 0.04807692307692308 0.07932692307692307
0 0.23197115384615385 0.47596153846153844 0.038461538461538464 0.07932692307692307
0 0.22956730769230768 0.6574519230769231 0.036057692307692304 0.08173076923076923
0 0.22355769230769232 0.7331730769230769 0.036057692307692304 0.06490384615384616
0 0.4723557692307692 0.36538461538461536 0.06009615384615385 0.08173076923076923
0 0.48677884615384615 0.44471153846153844 0.04567307692307692 0.0625
0 0.4026442307692308 0.3449519230769231 0.040865384615384616 0.07932692307692307
0 0.359375 0.41346153846153844 0.04567307692307692 0.0889423076923077
0 0.5300480769230769 0.5336538461538461 0.04567307692307692 0.0625
0 0.6225961538461539 0.5264423076923077 0.0673076923076923 0.0673076923076923
0 0.4651442307692308 0.6550480769230769 0.04567307692307692 0.0889423076923077
0 0.5432692307692307 0.6394230769230769 0.07211538461538461 0.10096153846153846
0 0.6346153846153846 0.6298076923076923 0.040865384615384616 0.08413461538461539