0 0.21995192307692307 0.3449519230769231 0.07211538461538461 0.0889423076923077
0 0.23918269230769232 0.43028846153846156 0.0625 0.08653846153846154
0 0.3004807692307692 0.25961538461538464 0.0625 0.08653846153846154
0 0.32091346153846156 0.18629807692307693 0.055288461538461536 0.07211538461538461
0 0.42788461538461536 0.6165865384615384 0.08173076923076923 0.09615384615384616
0 0.46875 0.546875 0.06490384615384616 0.07451923076923077
0 0.3557692307692308 0.6117788461538461 0.06490384615384616 0.08653846153846154
0 0.33774038461538464 0.5336538461538461 0.07211538461538461 0.0985576923076923
0 0.5396634615384616 0.4795673076923077 0.06490384615384616 0.07451923076923077
0 0.625 0.5168269230769231 0.08653846153846154 0.08653846153846154
0 0.5204326923076923 0.3425480769230769 0.07211538461538461 0.0985576923076923
0 0.5889423076923077 0.38341346153846156 0.10096153846153846 0.11778846153846154
0 0.6706730769230769 0.42427884615384615 0.06490384615384616 0.09134615384615384