0 0.8197115384615384 0.4831730769230769 0.06009615384615385 0.08653846153846154
0 0.7572115384615384 0.4206730769230769 0.05048076923076923 0.08413461538461539
0 0.796875 0.5973557692307693 0.05048076923076923 0.08653846153846154
0 0.8185096153846154 0.6706730769230769 0.04567307692307692 0.06971153846153846
0 0.4987980769230769 0.3629807692307692 0.07211538461538461 0.0889423076923077
0 0.5012019230769231 0.44350961538461536 0.057692307692307696 0.06971153846153846
0 0.5637019230769231 0.328125 0.052884615384615384 0.08413461538461539
0 0.6201923076923077 0.3858173076923077 0.06009615384615385 0.09615384615384616
0 0.47716346153846156 0.5384615384615384 0.057692307692307696 0.06971153846153846
0 0.38461538461538464 0.5516826923076923 0.07932692307692307 0.07932692307692307
0 0.5661057692307693 0.6442307692307693 0.06009615384615385 0.09615384615384616
0 0.48677884615384615 0.6454326923076923 0.0889423076923077 0.11057692307692307
0 0.3954326923076923 0.6550480769230769 0.052884615384615384 0.0889423076923077