6 0.6322115384615384 0.265625 0.10576923076923077 0.11538461538461539
6 0.25841346153846156 0.23317307692307693 0.09615384615384616 0.09134615384615384
6 0.15625 0.25961538461538464 0.09615384615384616 0.10096153846153846
6 0.03245192307692308 0.47115384615384615 0.06490384615384616 0.11538461538461539
6 0.4098557692307692 0.3173076923076923 0.11057692307692307 0.10336538461538461
6 0.3798076923076923 0.46875 0.10817307692307693 0.10817307692307693
6 0.53125 0.3112980769230769 0.08173076923076923 0.0889423076923077
6 0.5144230769230769 0.3786057692307692 0.11778846153846154 0.10096153846153846
6 0.5120192307692307 0.44350961538461536 0.13701923076923078 0.10336538461538461
6 0.6225961538461539 0.3701923076923077 0.12259615384615384 0.11298076923076923
6 0.6947115384615384 0.42427884615384615 0.0889423076923077 0.09134615384615384
6 0.6141826923076923 0.5300480769230769 0.13221153846153846 0.15865384615384615
6 0.47716346153846156 0.6129807692307693 0.09134615384615384 0.08413461538461539
6 0.8076923076923077 0.3918269230769231 0.10096153846153846 0.09615384615384616
6 0.9050480769230769 0.4675480769230769 0.07932692307692307 0.08173076923076923
6 0.9675480769230769 0.5360576923076923 0.06490384615384616 0.08173076923076923
6 0.9350961538461539 0.5841346153846154 0.07932692307692307 0.07451923076923077
6 0.859375 0.5853365384615384 0.10817307692307693 0.11057692307692307
6 0.796875 0.5540865384615384 0.0673076923076923 0.0673076923076923
6 0.7091346153846154 0.5637019230769231 0.09134615384615384 0.07932692307692307
6 0.6790865384615384 0.6189903846153846 0.09615384615384616 0.09615384615384616
6 0.625 0.6923076923076923 0.10576923076923077 0.1346153846153846
6 0.6454326923076923 0.7824519230769231 0.14182692307692307 0.11298076923076923
6 0.7463942307692307 0.7475961538461539 0.07692307692307693 0.07211538461538461
6 0.9483173076923077 0.6610576923076923 0.0625 0.0625
6 0.9182692307692307 0.6838942307692307 0.07211538461538461 0.09134615384615384
6 0.9338942307692307 0.7367788461538461 0.05048076923076923 0.06490384615384616
6 0.8918269230769231 0.7956730769230769 0.07211538461538461 0.057692307692307696
6 0.890625 0.8088942307692307 0.10336538461538461 0.11778846153846154
6 0.8125 0.8473557692307693 0.08173076923076923 0.06971153846153846
6 0.7283653846153846 0.8269230769230769 0.07692307692307693 0.07932692307692307
6 0.7175480769230769 0.8725961538461539 0.06971153846153846 0.07211538461538461
6 0.6646634615384616 0.875 0.06971153846153846 0.07451923076923077
6 0.6598557692307693 0.9182692307692307 0.11057692307692307 0.0889423076923077
6 0.44711538461538464 0.9591346153846154 0.11057692307692307 0.08173076923076923
6 0.39302884615384615 0.8004807692307693 0.07692307692307693 0.07451923076923077
6 0.17427884615384615 0.8497596153846154 0.09615384615384616 0.0985576923076923