6 0.5528846153846154 0.23557692307692307 0.08653846153846154 0.0985576923076923
6 0.18870192307692307 0.32091346153846156 0.08173076923076923 0.07692307692307693
6 0.0985576923076923 0.3786057692307692 0.07932692307692307 0.08653846153846154
6 0.036057692307692304 0.6225961538461539 0.0673076923076923 0.10336538461538461
6 0.3581730769230769 0.3545673076923077 0.09375 0.08413461538461539
6 0.3762019230769231 0.5072115384615384 0.0889423076923077 0.09134615384615384
6 0.47115384615384615 0.3112980769230769 0.0673076923076923 0.07451923076923077
6 0.47596153846153844 0.3798076923076923 0.10336538461538461 0.07932692307692307
6 0.49399038461538464 0.4423076923076923 0.125 0.07692307692307693
6 0.5757211538461539 0.3389423076923077 0.10336538461538461 0.09134615384615384
6 0.6610576923076923 0.36778846153846156 0.07211538461538461 0.07692307692307693
6 0.6177884615384616 0.49399038461538464 0.10336538461538461 0.13942307692307693
6 0.5132211538461539 0.6153846153846154 0.07692307692307693 0.0673076923076923
6 0.7584134615384616 0.3016826923076923 0.08653846153846154 0.07932692307692307
6 0.875 0.34375 0.06490384615384616 0.06971153846153846
6 0.9627403846153846 0.38822115384615385 0.06490384615384616 0.06971153846153846
6 0.9399038461538461 0.44591346153846156 0.0673076923076923 0.06009615384615385
6 0.8677884615384616 0.4699519230769231 0.0889423076923077 0.09375
6 0.7992788461538461 0.45913461538461536 0.057692307692307696 0.057692307692307696
6 0.71875 0.4963942307692308 0.07932692307692307 0.0625
6 0.7079326923076923 0.5576923076923077 0.08173076923076923 0.08173076923076923
6 0.6778846153846154 0.6442307692307693 0.07932692307692307 0.1201923076923077
6 0.7259615384615384 0.7247596153846154 0.125 0.08653846153846154
6 0.8112980769230769 0.6586538461538461 0.06490384615384616 0.06009615384615385
6 0.9747596153846154 0.5144230769230769 0.05048076923076923 0.052884615384615384
6 0.9555288461538461 0.5456730769230769 0.055288461538461536 0.08173076923076923
6 0.9831730769230769 0.5901442307692307 0.03365384615384615 0.06009615384615385
6 0.9639423076923077 0.6610576923076923 0.06490384615384616 0.04326923076923077
6 0.9627403846153846 0.6742788461538461 0.07451923076923077 0.10336538461538461
6 0.9050480769230769 0.7331730769230769 0.07211538461538461 0.052884615384615384
6 0.8185096153846154 0.7403846153846154 0.06490384615384616 0.0673076923076923
6 0.8209134615384616 0.7872596153846154 0.057692307692307696 0.0625
6 0.7728365384615384 0.8052884615384616 0.057692307692307696 0.06490384615384616
6 0.78125 0.8485576923076923 0.0985576923076923 0.0673076923076923
6 0.59375 0.9591346153846154 0.09615384615384616 0.07692307692307693
6 0.49038461538461536 0.8185096153846154 0.06490384615384616 0.0625
6 0.2980769230769231 0.9326923076923077 0.08173076923076923 0.08413461538461539