6 0.24759615384615385 0.7487980769230769 0.07211538461538461 0.07211538461538461
6 0.14783653846153846 0.7211538461538461 0.07211538461538461 0.06490384615384616
6 0.4026442307692308 0.6730769230769231 0.08173076923076923 0.0673076923076923
6 0.3798076923076923 0.5192307692307693 0.08413461538461539 0.08173076923076923
6 0.625 0.7307692307692307 0.09134615384615384 0.09134615384615384
6 0.5132211538461539 0.6911057692307693 0.06490384615384616 0.06009615384615385
6 0.6141826923076923 0.6298076923076923 0.11538461538461539 0.10096153846153846
6 0.6923076923076923 0.5829326923076923 0.0889423076923077 0.08173076923076923
6 0.515625 0.625 0.10096153846153846 0.08173076923076923
6 0.5072115384615384 0.5504807692307693 0.13701923076923078 0.09375
6 0.6141826923076923 0.46634615384615385 0.11538461538461539 0.12259615384615384
6 0.4831730769230769 0.3786057692307692 0.0889423076923077 0.07932692307692307
6 0.8016826923076923 0.6201923076923077 0.09375 0.0889423076923077
6 0.7115384615384616 0.4543269230769231 0.06971153846153846 0.07932692307692307
6 0.6862980769230769 0.3942307692307692 0.09134615384615384 0.08173076923076923
6 0.6394230769230769 0.32091346153846156 0.0985576923076923 0.12259615384615384
6 0.4098557692307692 0.19471153846153846 0.06490384615384616 0.055288461538461536
6 0.19230769230769232 0.1310096153846154 0.07932692307692307 0.06490384615384616
6 0.47836538461538464 0.03365384615384615 0.08173076923076923 0.0673076923076923
6 0.6502403846153846 0.22956730769230768 0.11298076923076923 0.0889423076923077
6 0.6766826923076923 0.09735576923076923 0.08653846153846154 0.07451923076923077
6 0.7644230769230769 0.265625 0.0625 0.07451923076923077
6 0.7668269230769231 0.3894230769230769 0.09615384615384616 0.1201923076923077
6 0.7992788461538461 0.46033653846153844 0.055288461538461536 0.055288461538461536
6 0.90625 0.5588942307692307 0.07451923076923077 0.07692307692307693
6 0.9723557692307693 0.49158653846153844 0.055288461538461536 0.06490384615384616
6 0.9326923076923077 0.44350961538461536 0.06971153846153846 0.07211538461538461
6 0.8533653846153846 0.4326923076923077 0.0889423076923077 0.08653846153846154
6 0.9591346153846154 0.3605769230769231 0.052884615384615384 0.055288461538461536
6 0.9338942307692307 0.33533653846153844 0.06490384615384616 0.0625
6 0.9447115384615384 0.2848557692307692 0.04807692307692308 0.06009615384615385
6 0.9050480769230769 0.20192307692307693 0.0985576923076923 0.11538461538461539
6 0.828125 0.16105769230769232 0.0673076923076923 0.07211538461538461
6 0.7427884615384616 0.1814903846153846 0.06490384615384616 0.06971153846153846
6 0.6875 0.14423076923076922 0.0625 0.06971153846153846
6 0.7379807692307693 0.1310096153846154 0.06009615384615385 0.06971153846153846
6 0.025240384615384616 0.5 0.05048076923076923 0.10096153846153846