6 0.36778846153846156 0.265625 0.10576923076923077 0.11538461538461539
6 0.7415865384615384 0.23317307692307693 0.09615384615384616 0.09134615384615384
6 0.84375 0.25961538461538464 0.09615384615384616 0.10096153846153846
6 0.9663461538461539 0.47115384615384615 0.0673076923076923 0.11538461538461539
6 0.5901442307692307 0.3173076923076923 0.11057692307692307 0.10336538461538461
6 0.6201923076923077 0.46875 0.10817307692307693 0.10817307692307693
6 0.46875 0.3112980769230769 0.08173076923076923 0.0889423076923077
6 0.4855769230769231 0.3786057692307692 0.11778846153846154 0.10096153846153846
6 0.4879807692307692 0.44350961538461536 0.13701923076923078 0.10336538461538461
6 0.37740384615384615 0.3701923076923077 0.12259615384615384 0.11298076923076923
6 0.30528846153846156 0.42427884615384615 0.0889423076923077 0.09134615384615384
6 0.3858173076923077 0.5300480769230769 0.13221153846153846 0.15865384615384615
6 0.5228365384615384 0.6129807692307693 0.09134615384615384 0.08413461538461539
6 0.19230769230769232 0.3918269230769231 0.10096153846153846 0.09615384615384616
6 0.09495192307692307 0.4675480769230769 0.07932692307692307 0.08173076923076923
6 0.03245192307692308 0.5360576923076923 0.06490384615384616 0.08173076923076923
6 0.06490384615384616 0.5841346153846154 0.07932692307692307 0.07451923076923077
6 0.140625 0.5853365384615384 0.10817307692307693 0.11057692307692307
6 0.203125 0.5540865384615384 0.0673076923076923 0.0673076923076923
6 0.29086538461538464 0.5637019230769231 0.09134615384615384 0.07932692307692307
6 0.32091346153846156 0.6189903846153846 0.09615384615384616 0.09615384615384616
6 0.375 0.6923076923076923 0.10576923076923077 0.1346153846153846
6 0.3545673076923077 0.7824519230769231 0.14182692307692307 0.11298076923076923
6 0.2536057692307692 0.7475961538461539 0.07692307692307693 0.07211538461538461
6 0.051682692307692304 0.6610576923076923 0.0625 0.0625
6 0.08173076923076923 0.6838942307692307 0.07211538461538461 0.09134615384615384
6 0.06610576923076923 0.7367788461538461 0.05048076923076923 0.06490384615384616
6 0.10817307692307693 0.7956730769230769 0.07211538461538461 0.057692307692307696
6 0.109375 0.8088942307692307 0.10336538461538461 0.11778846153846154
6 0.1875 0.8473557692307693 0.08173076923076923 0.06971153846153846
6 0.27163461538461536 0.8269230769230769 0.07692307692307693 0.07932692307692307
6 0.2824519230769231 0.8725961538461539 0.06971153846153846 0.07211538461538461
6 0.33533653846153844 0.875 0.06971153846153846 0.07451923076923077
6 0.3401442307692308 0.9182692307692307 0.11057692307692307 0.0889423076923077
6 0.5528846153846154 0.9591346153846154 0.11057692307692307 0.08173076923076923
6 0.6069711538461539 0.8004807692307693 0.07692307692307693 0.07451923076923077
6 0.8257211538461539 0.8497596153846154 0.09615384615384616 0.0985576923076923