6 0.8425480769230769 0.4098557692307692 0.07451923076923077 0.07451923076923077
6 0.9158653846153846 0.4855769230769231 0.07451923076923077 0.0673076923076923
6 0.6706730769230769 0.39903846153846156 0.08413461538461539 0.07211538461538461
6 0.6141826923076923 0.5432692307692307 0.0889423076923077 0.08413461538461539
6 0.5072115384615384 0.23798076923076922 0.09615384615384616 0.09375
6 0.5841346153846154 0.328125 0.0673076923076923 0.0625
6 0.46634615384615385 0.33052884615384615 0.11778846153846154 0.10576923076923077
6 0.375 0.3329326923076923 0.09134615384615384 0.08653846153846154
6 0.5492788461538461 0.38461538461538464 0.10336538461538461 0.08653846153846154
6 0.5192307692307693 0.453125 0.13942307692307693 0.10096153846153846
6 0.38461538461538464 0.4723557692307692 0.1201923076923077 0.12740384615384615
6 0.4543269230769231 0.6141826923076923 0.09134615384615384 0.08413461538461539
6 0.29927884615384615 0.24519230769230768 0.0985576923076923 0.09134615384615384
6 0.29447115384615385 0.4338942307692308 0.07451923076923077 0.08173076923076923
6 0.2860576923076923 0.4987980769230769 0.09375 0.08413461538461539
6 0.28966346153846156 0.5853365384615384 0.10576923076923077 0.125
6 0.4254807692307692 0.8088942307692307 0.0673076923076923 0.057692307692307696
6 0.5817307692307693 0.9699519230769231 0.08173076923076923 0.06009615384615385
6 0.2848557692307692 0.9146634615384616 0.08413461538461539 0.07211538461538461
6 0.23557692307692307 0.6586538461538461 0.11538461538461539 0.09375
6 0.14543269230769232 0.7596153846153846 0.0889423076923077 0.07932692307692307
6 0.15384615384615385 0.5709134615384616 0.0673076923076923 0.07451923076923077
6 0.21394230769230768 0.46274038461538464 0.10336538461538461 0.125
6 0.22115384615384615 0.38461538461538464 0.057692307692307696 0.057692307692307696
6 0.1778846153846154 0.24519230769230768 0.07692307692307693 0.07932692307692307
6 0.08173076923076923 0.26802884615384615 0.06971153846153846 0.0673076923076923
6 0.09735576923076923 0.3329326923076923 0.07211538461538461 0.07451923076923077
6 0.16105769230769232 0.38100961538461536 0.09134615384615384 0.0889423076923077
6 0.03245192307692308 0.390625 0.055288461538461536 0.057692307692307696
6 0.042067307692307696 0.4254807692307692 0.0673076923076923 0.0673076923076923
6 0.015625 0.46274038461538464 0.03125 0.06009615384615385
6 0.025240384615384616 0.5540865384615384 0.05048076923076923 0.11778846153846154
6 0.046875 0.6298076923076923 0.06971153846153846 0.07451923076923077
6 0.1310096153846154 0.6550480769230769 0.0673076923076923 0.07211538461538461
6 0.16105769230769232 0.7139423076923077 0.06490384615384616 0.07211538461538461
6 0.109375 0.7007211538461539 0.0625 0.07211538461538461
6 0.9206730769230769 0.7415865384615384 0.07932692307692307 0.10336538461538461