6 0.23918269230769232 0.7403846153846154 0.06971153846153846 0.06971153846153846
6 0.140625 0.7079326923076923 0.06971153846153846 0.0625
6 0.39663461538461536 0.6694711538461539 0.07932692307692307 0.06490384615384616
6 0.3798076923076923 0.5144230769230769 0.08413461538461539 0.07932692307692307
6 0.6165865384615384 0.734375 0.0889423076923077 0.0889423076923077
6 0.5060096153846154 0.6911057692307693 0.0625 0.057692307692307696
6 0.609375 0.6346153846153846 0.11298076923076923 0.0985576923076923
6 0.6887019230769231 0.5889423076923077 0.08653846153846154 0.07932692307692307
6 0.5108173076923077 0.625 0.0985576923076923 0.07932692307692307
6 0.5048076923076923 0.5504807692307693 0.13701923076923078 0.0889423076923077
6 0.6153846153846154 0.4699519230769231 0.11298076923076923 0.1201923076923077
6 0.48677884615384615 0.37740384615384615 0.08653846153846154 0.07692307692307693
6 0.796875 0.6310096153846154 0.09375 0.08653846153846154
6 0.7127403846153846 0.46274038461538464 0.0673076923076923 0.07692307692307693
6 0.6899038461538461 0.40024038461538464 0.0889423076923077 0.07932692307692307
6 0.6466346153846154 0.32572115384615385 0.09615384615384616 0.1201923076923077
6 0.4206730769230769 0.19230769230769232 0.06490384615384616 0.052884615384615384
6 0.20552884615384615 0.1201923076923077 0.07932692307692307 0.0625
6 0.4951923076923077 0.03365384615384615 0.07932692307692307 0.06490384615384616
6 0.6586538461538461 0.23557692307692307 0.11057692307692307 0.08653846153846154
6 0.6911057692307693 0.1045673076923077 0.08653846153846154 0.07451923076923077
6 0.7716346153846154 0.27403846153846156 0.0625 0.07211538461538461
6 0.7704326923076923 0.39903846153846156 0.09375 0.1201923076923077
6 0.8004807692307693 0.47115384615384615 0.055288461538461536 0.052884615384615384
6 0.9038461538461539 0.5733173076923077 0.07211538461538461 0.07451923076923077
6 0.9723557692307693 0.5072115384615384 0.055288461538461536 0.0625
6 0.9338942307692307 0.4579326923076923 0.0673076923076923 0.06971153846153846
6 0.8557692307692307 0.44591346153846156 0.08653846153846154 0.08413461538461539
6 0.9639423076923077 0.37740384615384615 0.05048076923076923 0.055288461538461536
6 0.9387019230769231 0.35096153846153844 0.0625 0.0625
6 0.9519230769230769 0.3004807692307692 0.04567307692307692 0.057692307692307696
6 0.9146634615384616 0.21634615384615385 0.09375 0.11298076923076923
6 0.8389423076923077 0.17307692307692307 0.06490384615384616 0.06971153846153846
6 0.7536057692307693 0.18990384615384615 0.0625 0.06971153846153846
6 0.6995192307692307 0.15144230769230768 0.06009615384615385 0.0673076923076923
6 0.7512019230769231 0.13942307692307693 0.057692307692307696 0.06971153846153846
6 0.025240384615384616 0.4831730769230769 0.05048076923076923 0.10096153846153846