2 0.9411057692307693 0.5552884615384616 0.08413461538461539 0.09134615384615384
2 0.7980769230769231 0.43990384615384615 0.055288461538461536 0.0673076923076923
2 0.7608173076923077 0.5336538461538461 0.06490384615384616 0.0625
2 0.8149038461538461 0.53125 0.036057692307692304 0.03365384615384615
2 0.6466346153846154 0.3233173076923077 0.052884615384615384 0.07451923076923077
2 0.6286057692307693 0.23197115384615385 0.04567307692307692 0.055288461538461536
2 0.6225961538461539 0.19471153846153846 0.03365384615384615 0.038461538461538464
2 0.5673076923076923 0.23197115384615385 0.03125 0.04326923076923077
2 0.3870192307692308 0.265625 0.05048076923076923 0.06490384615384616
2 0.40625 0.32572115384615385 0.06009615384615385 0.04807692307692308
2 0.5444711538461539 0.75 0.06490384615384616 0.055288461538461536
2 0.38221153846153844 0.6875 0.04326923076923077 0.04807692307692308
2 0.38822115384615385 0.43990384615384615 0.07211538461538461 0.09615384615384616
2 0.578125 0.4098557692307692 0.040865384615384616 0.05048076923076923
2 0.7415865384615384 0.30288461538461536 0.028846153846153848 0.03365384615384615
2 0.7391826923076923 0.3317307692307692 0.03365384615384615 0.038461538461538464
2 0.6959134615384616 0.3401442307692308 0.02403846153846154 0.036057692307692304
2 0.43028846153846156 0.375 0.040865384615384616 0.06009615384615385
2 0.5336538461538461 0.39663461538461536 0.052884615384615384 0.0889423076923077
2 0.90625 0.4795673076923077 0.04326923076923077 0.03365384615384615
2 0.8461538461538461 0.4891826923076923 0.04567307692307692 0.05048076923076923
2 0.8822115384615384 0.7271634615384616 0.038461538461538464 0.036057692307692304
2 0.6598557692307693 0.7391826923076923 0.04567307692307692 0.040865384615384616
2 0.47115384615384615 0.6658653846153846 0.036057692307692304 0.038461538461538464
2 0.13341346153846154 0.5072115384615384 0.05048076923076923 0.06009615384615385
2 0.171875 0.6298076923076923 0.052884615384615384 0.04807692307692308
2 0.08173076923076923 0.5408653846153846 0.07211538461538461 0.09134615384615384
2 0.19471153846153846 0.38341346153846156 0.03365384615384615 0.036057692307692304
2 0.17548076923076922 0.4206730769230769 0.07692307692307693 0.07451923076923077
2 0.046875 0.28846153846153844 0.021634615384615384 0.03365384615384615
2 0.10096153846153846 0.3713942307692308 0.026442307692307692 0.03125
2 0.09375 0.39903846153846156 0.028846153846153848 0.028846153846153848
2 0.003605769230769231 0.375 0.007211538461538462 0.028846153846153848
2 0.03125 0.3449519230769231 0.019230769230769232 0.021634615384615384
2 0.051682692307692304 0.3786057692307692 0.026442307692307692 0.03125
2 0.33653846153846156 0.6033653846153846 0.019230769230769232 0.026442307692307692
2 0.33413461538461536 0.6610576923076923 0.02403846153846154 0.03125
2 0.29927884615384615 0.6598557692307693 0.03365384615384615 0.038461538461538464
2 0.20072115384615385 0.7860576923076923 0.03365384615384615 0.040865384615384616
2 0.19471153846153846 0.6814903846153846 0.03125 0.040865384615384616
2 0.24278846153846154 0.703125 0.055288461538461536 0.0625
2 0.2608173076923077 0.7740384615384616 0.026442307692307692 0.036057692307692304
2 0.12860576923076922 0.5757211538461539 0.019230769230769232 0.02403846153846154
2 0.008413461538461538 0.5576923076923077 0.016826923076923076 0.02403846153846154
2 0.5132211538461539 0.38341346153846156 0.03125 0.038461538461538464
2 0.24879807692307693 0.35697115384615385 0.026442307692307692 0.036057692307692304
2 0.18509615384615385 0.28966346153846156 0.04326923076923077 0.052884615384615384
2 0.5396634615384616 0.31971153846153844 0.04326923076923077 0.038461538461538464
2 0.6790865384615384 0.22716346153846154 0.040865384615384616 0.04567307692307692
2 0.7872596153846154 0.13221153846153846 0.06009615384615385 0.036057692307692304
2 0.5889423076923077 0.19110576923076922 0.016826923076923076 0.021634615384615384
2 0.5709134615384616 0.17908653846153846 0.019230769230769232 0.03125
2 0.8233173076923077 0.375 0.036057692307692304 0.04807692307692308
2 0.8629807692307693 0.4338942307692308 0.026442307692307692 0.038461538461538464
2 0.7776442307692307 0.2860576923076923 0.026442307692307692 0.03125
2 0.9146634615384616 0.6766826923076923 0.040865384615384616 0.04807692307692308
2 0.7427884615384616 0.7283653846153846 0.03365384615384615 0.03365384615384615
2 0.6021634615384616 0.7644230769230769 0.055288461538461536 0.04567307692307692
2 0.42427884615384615 0.6959134615384616 0.04326923076923077 0.036057692307692304
2 0.4519230769230769 0.8040865384615384 0.04326923076923077 0.036057692307692304
2 0.6081730769230769 0.14302884615384615 0.040865384615384616 0.03365384615384615