2 0.859375 0.7620192307692307 0.08413461538461539 0.09375
2 0.7896634615384616 0.5925480769230769 0.057692307692307696 0.0673076923076923
2 0.7115384615384616 0.65625 0.06490384615384616 0.06490384615384616
2 0.7608173076923077 0.6802884615384616 0.036057692307692304 0.03365384615384615
2 0.7139423076923077 0.4170673076923077 0.052884615384615384 0.07692307692307693
2 0.7427884615384616 0.328125 0.04567307692307692 0.057692307692307696
2 0.7548076923076923 0.2920673076923077 0.036057692307692304 0.038461538461538464
2 0.6887019230769231 0.2980769230769231 0.03125 0.04326923076923077
2 0.5144230769230769 0.2403846153846154 0.052884615384615384 0.06490384615384616
2 0.5024038461538461 0.3016826923076923 0.06009615384615385 0.04807692307692308
2 0.4182692307692308 0.7403846153846154 0.06490384615384616 0.055288461538461536
2 0.30528846153846156 0.6069711538461539 0.04326923076923077 0.04807692307692308
2 0.43149038461538464 0.39302884615384615 0.07451923076923077 0.09615384615384616
2 0.6117788461538461 0.45913461538461536 0.040865384615384616 0.05048076923076923
2 0.8064903846153846 0.44591346153846156 0.028846153846153848 0.036057692307692304
2 0.7908653846153846 0.46875 0.03365384615384615 0.038461538461538464
2 0.7487980769230769 0.4543269230769231 0.02403846153846154 0.036057692307692304
2 0.5 0.35697115384615385 0.04326923076923077 0.06009615384615385
2 0.5793269230769231 0.4254807692307692 0.052884615384615384 0.0889423076923077
2 0.8653846153846154 0.6790865384615384 0.04326923076923077 0.03365384615384615
2 0.8088942307692307 0.6586538461538461 0.04567307692307692 0.052884615384615384
2 0.7247596153846154 0.8834134615384616 0.040865384615384616 0.036057692307692304
2 0.5240384615384616 0.7860576923076923 0.04567307692307692 0.040865384615384616
2 0.3942307692307692 0.6310096153846154 0.036057692307692304 0.038461538461538464
2 0.17668269230769232 0.328125 0.052884615384615384 0.06009615384615385
2 0.1502403846153846 0.4543269230769231 0.052884615384615384 0.05048076923076923
2 0.1141826923076923 0.3329326923076923 0.07211538461538461 0.09375
2 0.28966346153846156 0.25 0.03365384615384615 0.036057692307692304
2 0.2548076923076923 0.27403846153846156 0.07692307692307693 0.07451923076923077
2 0.20673076923076922 0.09495192307692307 0.021634615384615384 0.03365384615384615
2 0.21394230769230768 0.19471153846153846 0.026442307692307692 0.03125
2 0.1935096153846154 0.21514423076923078 0.028846153846153848 0.03125
2 0.14903846153846154 0.037259615384615384 0.03365384615384615 0.04326923076923077
2 0.11899038461538461 0.1466346153846154 0.02403846153846154 0.028846153846153848
2 0.1658653846153846 0.13822115384615385 0.019230769230769232 0.021634615384615384
2 0.1658653846153846 0.17668269230769232 0.028846153846153848 0.03125
2 0.30649038461538464 0.5120192307692307 0.019230769230769232 0.026442307692307692
2 0.2776442307692308 0.5612980769230769 0.02403846153846154 0.03125
2 0.24759615384615385 0.5432692307692307 0.03365384615384615 0.038461538461538464
2 0.09975961538461539 0.6057692307692307 0.036057692307692304 0.040865384615384616
2 0.14543269230769232 0.5108173076923077 0.03125 0.040865384615384616
2 0.17668269230769232 0.5528846153846154 0.057692307692307696 0.06490384615384616
2 0.15865384615384615 0.6237980769230769 0.026442307692307692 0.036057692307692304
2 0.13822115384615385 0.3858173076923077 0.021634615384615384 0.02403846153846154
2 0.040865384615384616 0.3137019230769231 0.019230769230769232 0.02403846153846154
2 0.5685096153846154 0.40384615384615385 0.03365384615384615 0.038461538461538464
2 0.34975961538461536 0.2536057692307692 0.026442307692307692 0.036057692307692304
2 0.3269230769230769 0.16346153846153846 0.04326923076923077 0.052884615384615384
2 0.6213942307692307 0.3605769230769231 0.04326923076923077 0.038461538461538464
2 0.7884615384615384 0.3485576923076923 0.040865384615384616 0.04567307692307692
2 0.9290865384615384 0.3173076923076923 0.06009615384615385 0.038461538461538464
2 0.7271634615384616 0.27403846153846156 0.016826923076923076 0.021634615384615384
2 0.7175480769230769 0.2536057692307692 0.021634615384615384 0.03125
2 0.84375 0.546875 0.036057692307692304 0.04807692307692308
2 0.8485576923076923 0.6189903846153846 0.026442307692307692 0.038461538461538464
2 0.8461538461538461 0.44711538461538464 0.028846153846153848 0.03125
2 0.7764423076923077 0.8557692307692307 0.04326923076923077 0.04807692307692308
2 0.6021634615384616 0.8173076923076923 0.03365384615384615 0.036057692307692304
2 0.46033653846153844 0.78125 0.055288461538461536 0.04567307692307692
2 0.33774038461538464 0.6346153846153846 0.04326923076923077 0.036057692307692304
2 0.31009615384615385 0.7427884615384616 0.04326923076923077 0.036057692307692304
2 0.7668269230769231 0.2403846153846154 0.040865384615384616 0.036057692307692304