2 0.11899038461538461 0.7295673076923077 0.07932692307692307 0.0889423076923077
2 0.203125 0.5673076923076923 0.052884615384615384 0.06490384615384616
2 0.27524038461538464 0.6370192307692307 0.0625 0.06009615384615385
2 0.2247596153846154 0.6574519230769231 0.03365384615384615 0.03125
2 0.29447115384615385 0.39783653846153844 0.04807692307692308 0.07451923076923077
2 0.27283653846153844 0.3076923076923077 0.04326923076923077 0.055288461538461536
2 0.2644230769230769 0.2704326923076923 0.03365384615384615 0.036057692307692304
2 0.3293269230769231 0.2824519230769231 0.028846153846153848 0.04326923076923077
2 0.5084134615384616 0.2403846153846154 0.04807692307692308 0.0625
2 0.515625 0.3016826923076923 0.06009615384615385 0.04326923076923077
2 0.5600961538461539 0.7463942307692307 0.0625 0.052884615384615384
2 0.6838942307692307 0.6237980769230769 0.040865384615384616 0.04567307692307692
2 0.5769230769230769 0.40024038461538464 0.0673076923076923 0.09375
2 0.3918269230769231 0.4495192307692308 0.038461538461538464 0.04807692307692308
2 0.19831730769230768 0.4182692307692308 0.028846153846153848 0.03365384615384615
2 0.2127403846153846 0.44350961538461536 0.03125 0.038461538461538464
2 0.25600961538461536 0.4326923076923077 0.021634615384615384 0.036057692307692304
2 0.5132211538461539 0.35697115384615385 0.038461538461538464 0.06009615384615385
2 0.4266826923076923 0.41947115384615385 0.04567307692307692 0.0889423076923077
2 0.1201923076923077 0.6466346153846154 0.04326923076923077 0.03125
2 0.17908653846153846 0.6310096153846154 0.040865384615384616 0.05048076923076923
2 0.24278846153846154 0.8629807692307693 0.038461538461538464 0.03365384615384615
2 0.45072115384615385 0.7836538461538461 0.04567307692307692 0.038461538461538464
2 0.59375 0.6394230769230769 0.03365384615384615 0.038461538461538464
2 0.8377403846153846 0.35697115384615385 0.04807692307692308 0.057692307692307696
2 0.8521634615384616 0.4855769230769231 0.05048076923076923 0.04567307692307692
2 0.8990384615384616 0.36778846153846156 0.0673076923076923 0.0889423076923077
2 0.7319711538461539 0.2692307692307692 0.03125 0.03365384615384615
2 0.7644230769230769 0.2956730769230769 0.07451923076923077 0.07211538461538461
2 0.828125 0.12259615384615384 0.019230769230769232 0.03125
2 0.8125 0.21995192307692307 0.02403846153846154 0.03125
2 0.8305288461538461 0.24278846153846154 0.026442307692307692 0.028846153846153848
2 0.890625 0.06971153846153846 0.03125 0.04326923076923077
2 0.9098557692307693 0.1814903846153846 0.02403846153846154 0.026442307692307692
2 0.8653846153846154 0.16826923076923078 0.019230769230769232 0.021634615384615384
2 0.8605769230769231 0.20673076923076922 0.026442307692307692 0.028846153846153848
2 0.6923076923076923 0.5288461538461539 0.016826923076923076 0.026442307692307692
2 0.7163461538461539 0.5805288461538461 0.021634615384615384 0.03125
2 0.7487980769230769 0.5649038461538461 0.03125 0.038461538461538464
2 0.8894230769230769 0.6394230769230769 0.03125 0.040865384615384616
2 0.8521634615384616 0.5420673076923077 0.028846153846153848 0.038461538461538464
2 0.8173076923076923 0.5805288461538461 0.052884615384615384 0.06009615384615385
2 0.8293269230769231 0.6526442307692307 0.02403846153846154 0.03365384615384615
2 0.8701923076923077 0.4182692307692308 0.019230769230769232 0.02403846153846154
2 0.9735576923076923 0.3545673076923077 0.016826923076923076 0.02403846153846154
2 0.4411057692307692 0.39783653846153844 0.03125 0.036057692307692304
2 0.671875 0.2668269230769231 0.02403846153846154 0.036057692307692304
2 0.7019230769230769 0.18028846153846154 0.040865384615384616 0.05048076923076923
2 0.390625 0.35096153846153844 0.040865384615384616 0.036057692307692304
2 0.22596153846153846 0.3233173076923077 0.038461538461538464 0.04326923076923077
2 0.08774038461538461 0.28125 0.06009615384615385 0.03365384615384615
2 0.2932692307692308 0.2548076923076923 0.016826923076923076 0.019230769230769232
2 0.30408653846153844 0.23557692307692307 0.019230769230769232 0.03125
2 0.15384615384615385 0.5168269230769231 0.03125 0.04807692307692308
2 0.14182692307692307 0.5877403846153846 0.02403846153846154 0.038461538461538464
2 0.15985576923076922 0.4170673076923077 0.026442307692307692 0.028846153846153848
2 0.1935096153846154 0.8293269230769231 0.038461538461538464 0.04807692307692308
2 0.3713942307692308 0.8076923076923077 0.03125 0.03365384615384615
2 0.5144230769230769 0.7824519230769231 0.055288461538461536 0.040865384615384616
2 0.6490384615384616 0.6478365384615384 0.04326923076923077 0.03365384615384615
2 0.6670673076923077 0.7584134615384616 0.040865384615384616 0.03365384615384615
2 0.25600961538461536 0.21875 0.040865384615384616 0.03125