2 0.6033653846153846 0.8930288461538461 0.2932692307692308 0.21394230769230768
2 0.3641826923076923 0.8569711538461539 0.27403846153846156 0.2644230769230769
2 0.140625 0.7560096153846154 0.27403846153846156 0.30288461538461536
2 0.03125 0.703125 0.0625 0.24759615384615385
2 0.5360576923076923 0.671875 0.25721153846153844 0.21394230769230768
2 0.2980769230769231 0.5697115384615384 0.24519230769230768 0.2620192307692308
2 0.13581730769230768 0.49759615384615385 0.13701923076923078 0.17067307692307693
2 0.6574519230769231 0.4387019230769231 0.15865384615384615 0.16826923076923078
2 0.4963942307692308 0.38100961538461536 0.16346153846153846 0.16346153846153846
2 0.328125 0.3161057692307692 0.13942307692307693 0.1466346153846154
2 0.6850961538461539 0.24759615384615385 0.125 0.17067307692307693
2 0.4050480769230769 0.17307692307692307 0.10336538461538461 0.14423076923076922