2 0.5048076923076923 0.9230769230769231 0.2980769230769231 0.15384615384615385
2 0.24879807692307693 0.8509615384615384 0.28846153846153844 0.23317307692307693
2 0.10096153846153846 0.7956730769230769 0.13701923076923078 0.20673076923076922
2 0.5444711538461539 0.828125 0.27884615384615385 0.20432692307692307
2 0.2980769230769231 0.6814903846153846 0.31009615384615385 0.25721153846153844
2 0.15144230769230768 0.625 0.10096153846153846 0.18990384615384615
2 0.6262019230769231 0.6862980769230769 0.32211538461538464 0.2548076923076923
2 0.39903846153846156 0.5276442307692307 0.27403846153846156 0.23076923076923078
2 0.22355769230769232 0.4579326923076923 0.20432692307692307 0.20192307692307693
2 0.6850961538461539 0.5336538461538461 0.29086538461538464 0.23798076923076922
2 0.4639423076923077 0.38822115384615385 0.25240384615384615 0.18990384615384615
2 0.25961538461538464 0.3004807692307692 0.2403846153846154 0.21153846153846154
2 0.7560096153846154 0.4266826923076923 0.15625 0.11298076923076923
2 0.6165865384615384 0.3485576923076923 0.18269230769230768 0.1778846153846154
2 0.4795673076923077 0.2620192307692308 0.20432692307692307 0.16346153846153846
2 0.31850961538461536 0.18629807692307693 0.15625 0.13221153846153846
2 0.3762019230769231 0.09735576923076923 0.14423076923076922 0.13701923076923078
2 0.4735576923076923 0.12139423076923077 0.11538461538461539 0.13701923076923078
2 0.5084134615384616 0.04326923076923077 0.0985576923076923 0.06971153846153846
2 0.6550480769230769 0.13701923076923078 0.11778846153846154 0.09134615384615384
2 0.5588942307692307 0.18389423076923078 0.11298076923076923 0.10817307692307693
2 0.6850961538461539 0.21995192307692307 0.10336538461538461 0.09375
2 0.7127403846153846 0.3137019230769231 0.12980769230769232 0.08173076923076923
2 0.7548076923076923 0.36778846153846156 0.07451923076923077 0.038461538461538464