2 0.47716346153846156 0.5853365384615384 0.5384615384615384 0.4182692307692308
2 0.32091346153846156 0.31850961538461536 0.1658653846153846 0.15384615384615385
2 0.49038461538461536 0.3088942307692308 0.21153846153846154 0.14182692307692307
2 0.6838942307692307 0.35096153846153844 0.17307692307692307 0.12259615384615384
2 0.8004807692307693 0.22716346153846154 0.08653846153846154 0.09615384615384616
2 0.5745192307692307 0.20673076923076922 0.3485576923076923 0.11057692307692307
2 0.44471153846153844 0.09254807692307693 0.14903846153846154 0.0889423076923077
2 0.21634615384615385 0.16947115384615385 0.23076923076923078 0.125
2 0.3641826923076923 0.19831730769230768 0.13701923076923078 0.09134615384615384
2 0.4266826923076923 0.14182692307692307 0.15625 0.08653846153846154
2 0.5997596153846154 0.06129807692307692 0.11298076923076923 0.07451923076923077
2 0.14182692307692307 0.4639423076923077 0.12259615384615384 0.10336538461538461
2 0.16466346153846154 0.5733173076923077 0.13221153846153846 0.0889423076923077
2 0.10336538461538461 0.32211538461538464 0.20673076923076922 0.1875
2 0.06129807692307692 0.20673076923076922 0.12259615384615384 0.057692307692307696
2 0.3173076923076923 0.07572115384615384 0.1466346153846154 0.08413461538461539
2 0.1971153846153846 0.09014423076923077 0.08173076923076923 0.04807692307692308
2 0.4254807692307692 0.028846153846153848 0.11778846153846154 0.057692307692307696
2 0.8028846153846154 0.11057692307692307 0.12740384615384615 0.0985576923076923