2 0.3076923076923077 0.8870192307692307 0.25961538461538464 0.22596153846153846
2 0.5576923076923077 0.8774038461538461 0.24519230769230768 0.2283653846153846
2 0.7980769230769231 0.8245192307692307 0.23317307692307693 0.2764423076923077
2 0.9519230769230769 0.8064903846153846 0.09615384615384616 0.23798076923076922
2 0.42908653846153844 0.6610576923076923 0.2403846153846154 0.1778846153846154
2 0.6826923076923077 0.6105769230769231 0.21153846153846154 0.23557692307692307
2 0.8557692307692307 0.5733173076923077 0.11298076923076923 0.16105769230769232
2 0.3581730769230769 0.4074519230769231 0.13701923076923078 0.15144230769230768
2 0.5288461538461539 0.38461538461538464 0.14423076923076922 0.14423076923076922
2 0.7067307692307693 0.3557692307692308 0.1201923076923077 0.13221153846153846
2 0.3713942307692308 0.21514423076923078 0.0985576923076923 0.16346153846153846
2 0.6610576923076923 0.19951923076923078 0.08173076923076923 0.13701923076923078