2 0.25721153846153844 0.12139423076923077 0.2956730769230769 0.19471153846153846
2 0.5276442307692307 0.09014423076923077 0.28125 0.18028846153846154
2 0.6802884615384616 0.06971153846153846 0.125 0.13942307692307693
2 0.28966346153846156 0.24519230769230768 0.27403846153846156 0.18990384615384615
2 0.5745192307692307 0.23798076923076922 0.30288461538461536 0.24278846153846154
2 0.7295673076923077 0.2091346153846154 0.0889423076923077 0.18990384615384615
2 0.29447115384615385 0.40865384615384615 0.3173076923076923 0.23798076923076922
2 0.5709134615384616 0.4230769230769231 0.2668269230769231 0.21875
2 0.7572115384615384 0.38822115384615385 0.1971153846153846 0.19471153846153846
2 0.32572115384615385 0.5697115384615384 0.28365384615384615 0.22355769230769232
2 0.5889423076923077 0.5757211538461539 0.24759615384615385 0.17548076923076922
2 0.8100961538461539 0.5420673076923077 0.23317307692307693 0.20192307692307693
2 0.32091346153846156 0.6983173076923077 0.15384615384615385 0.10576923076923077
2 0.48197115384615385 0.6899038461538461 0.17548076923076922 0.17067307692307693
2 0.6430288461538461 0.6911057692307693 0.19951923076923078 0.15384615384615385
2 0.8197115384615384 0.6706730769230769 0.15384615384615385 0.125
2 0.8185096153846154 0.7764423076923077 0.13942307692307693 0.12980769230769232
2 0.7223557692307693 0.8076923076923077 0.11057692307692307 0.1346153846153846
2 0.7355769230769231 0.890625 0.0985576923076923 0.06490384615384616
2 0.5612980769230769 0.8894230769230769 0.11538461538461539 0.08413461538461539
2 0.6177884615384616 0.7992788461538461 0.10817307692307693 0.10576923076923077
2 0.49158653846153844 0.8353365384615384 0.10096153846153846 0.0889423076923077
2 0.4182692307692308 0.7704326923076923 0.12740384615384615 0.07692307692307693
2 0.35336538461538464 0.7475961538461539 0.07451923076923077 0.03365384615384615