2 0.48677884615384615 0.41225961538461536 0.5697115384615384 0.4639423076923077
2 0.30288461538461536 0.6622596153846154 0.1778846153846154 0.1658653846153846
2 0.47115384615384615 0.6887019230769231 0.22115384615384615 0.16105769230769232
2 0.6670673076923077 0.6670673076923077 0.18269230769230768 0.13942307692307693
2 0.7692307692307693 0.8028846153846154 0.09375 0.10096153846153846
2 0.5432692307692307 0.7992788461538461 0.3485576923076923 0.14423076923076922
2 0.4026442307692308 0.8990384615384616 0.15384615384615385 0.10096153846153846
2 0.18389423076923078 0.7992788461538461 0.23798076923076922 0.1466346153846154
2 0.33413461538461536 0.7848557692307693 0.14423076923076922 0.10576923076923077
2 0.390625 0.8485576923076923 0.16105769230769232 0.10096153846153846
2 0.5540865384615384 0.9459134615384616 0.11778846153846154 0.08653846153846154
2 0.140625 0.4987980769230769 0.12980769230769232 0.11298076923076923
2 0.17427884615384615 0.39302884615384615 0.13701923076923078 0.10096153846153846
2 0.09735576923076923 0.6322115384615384 0.19471153846153846 0.20673076923076922
2 0.04807692307692308 0.7451923076923077 0.09615384615384616 0.0673076923076923
2 0.27403846153846156 0.9026442307692307 0.15144230769230768 0.0985576923076923
2 0.15625 0.875 0.08413461538461539 0.055288461538461536
2 0.3762019230769231 0.9603365384615384 0.12259615384615384 0.06971153846153846
2 0.7608173076923077 0.9194711538461539 0.1346153846153846 0.11057692307692307