2 0.5733173076923077 0.18990384615384615 0.15625 0.10336538461538461
2 0.2824519230769231 0.40625 0.14182692307692307 0.11057692307692307
2 0.4254807692307692 0.4182692307692308 0.17307692307692307 0.13221153846153846
2 0.15264423076923078 0.31009615384615385 0.17067307692307693 0.10096153846153846
2 0.32572115384615385 0.3088942307692308 0.18990384615384615 0.12740384615384615
2 0.21033653846153846 0.22115384615384615 0.15625 0.11778846153846154
2 0.34134615384615385 0.21033653846153846 0.17067307692307693 0.13221153846153846
2 0.5973557692307693 0.4110576923076923 0.1875 0.1466346153846154
2 0.7307692307692307 0.4026442307692308 0.15625 0.11778846153846154
2 0.8365384615384616 0.3858173076923077 0.15625 0.11538461538461539
2 0.5817307692307693 0.29927884615384615 0.15865384615384615 0.1346153846153846
2 0.7247596153846154 0.3004807692307692 0.1778846153846154 0.1346153846153846
2 0.8509615384615384 0.265625 0.13942307692307693 0.13701923076923078
2 0.6646634615384616 0.19471153846153846 0.20673076923076922 0.125
2 0.734375 0.08052884615384616 0.1346153846153846 0.07451923076923077
2 0.35096153846153844 0.08533653846153846 0.2091346153846154 0.1201923076923077
2 0.17548076923076922 0.040865384615384616 0.16346153846153846 0.08173076923076923
2 0.14302884615384615 0.1310096153846154 0.09134615384615384 0.09134615384615384
2 0.7463942307692307 0.6105769230769231 0.20432692307692307 0.13701923076923078
2 0.5925480769230769 0.5865384615384616 0.125 0.08173076923076923
2 0.4675480769230769 0.6153846153846154 0.14423076923076922 0.15865384615384615
2 0.28125 0.5120192307692307 0.12740384615384615 0.10576923076923077
2 0.24759615384615385 0.5913461538461539 0.14423076923076922 0.15625
2 0.16466346153846154 0.4891826923076923 0.11298076923076923 0.10817307692307693
2 0.13942307692307693 0.40384615384615385 0.18269230769230768 0.0985576923076923