2 0.40384615384615385 0.33052884615384615 0.10576923076923077 0.10096153846153846
2 0.31490384615384615 0.3016826923076923 0.10576923076923077 0.10817307692307693
2 0.3942307692307692 0.421875 0.11298076923076923 0.11778846153846154
2 0.2800480769230769 0.4230769230769231 0.14423076923076922 0.1875
2 0.37740384615384615 0.515625 0.12980769230769232 0.15144230769230768
2 0.46875 0.42427884615384615 0.08413461538461539 0.13942307692307693
2 0.47716346153846156 0.3713942307692308 0.10817307692307693 0.10336538461538461
2 0.26322115384615385 0.5300480769230769 0.13701923076923078 0.10817307692307693
2 0.18870192307692307 0.4675480769230769 0.08413461538461539 0.11057692307692307
2 0.3581730769230769 0.6165865384615384 0.1346153846153846 0.0985576923076923
2 0.45072115384615385 0.5492788461538461 0.08653846153846154 0.0985576923076923
2 0.6850961538461539 0.39903846153846156 0.11778846153846154 0.125
2 0.5769230769230769 0.39903846153846156 0.12740384615384615 0.13701923076923078
2 0.7451923076923077 0.4567307692307692 0.08173076923076923 0.11057692307692307
2 0.7163461538461539 0.5456730769230769 0.11298076923076923 0.09615384615384616
2 0.7980769230769231 0.4891826923076923 0.09615384615384616 0.1201923076923077
2 0.765625 0.609375 0.10817307692307693 0.12259615384615384
2 0.5709134615384616 0.6598557692307693 0.10576923076923077 0.12740384615384615
2 0.6730769230769231 0.6237980769230769 0.11538461538461539 0.1346153846153846
2 0.5745192307692307 0.5444711538461539 0.11778846153846154 0.12980769230769232
2 0.6346153846153846 0.47475961538461536 0.11538461538461539 0.10336538461538461
2 0.515625 0.46875 0.08173076923076923 0.09134615384615384
2 0.5060096153846154 0.6201923076923077 0.125 0.1466346153846154
2 0.45552884615384615 0.6237980769230769 0.08653846153846154 0.12980769230769232
2 0.6298076923076923 0.5745192307692307 0.07932692307692307 0.12259615384615384
2 0.4723557692307692 0.6947115384615384 0.10576923076923077 0.07451923076923077
2 0.20072115384615385 0.36177884615384615 0.11538461538461539 0.12980769230769232