2 0.7127403846153846 0.11538461538461539 0.24759615384615385 0.23076923076923078
2 0.46153846153846156 0.1201923076923077 0.23557692307692307 0.21875
2 0.21875 0.15985576923076922 0.22115384615384615 0.2668269230769231
2 0.054086538461538464 0.16826923076923078 0.10817307692307693 0.23557692307692307
2 0.5793269230769231 0.34375 0.23317307692307693 0.1658653846153846
2 0.3233173076923077 0.3798076923076923 0.20192307692307693 0.22596153846153846
2 0.14783653846153846 0.4074519230769231 0.10576923076923077 0.15625
2 0.6370192307692307 0.5997596153846154 0.12980769230769232 0.1466346153846154
2 0.4651442307692308 0.6141826923076923 0.13942307692307693 0.13701923076923078
2 0.2860576923076923 0.6334134615384616 0.11538461538461539 0.12740384615384615
2 0.6141826923076923 0.7920673076923077 0.09134615384615384 0.16105769230769232
2 0.3245192307692308 0.7920673076923077 0.07451923076923077 0.1346153846153846