2 0.4579326923076923 0.578125 0.5504807692307693 0.43509615384615385
2 0.3701923076923077 0.2800480769230769 0.17067307692307693 0.15865384615384615
2 0.5372596153846154 0.3125 0.21394230769230768 0.14903846153846154
2 0.7139423076923077 0.40024038461538464 0.1778846153846154 0.12980769230769232
2 0.8569711538461539 0.3076923076923077 0.0889423076923077 0.0985576923076923
2 0.6430288461538461 0.23317307692307693 0.3485576923076923 0.12259615384615384
2 0.5456730769230769 0.09134615384615384 0.15144230769230768 0.09134615384615384
2 0.30408653846153844 0.11057692307692307 0.23557692307692307 0.13221153846153846
2 0.4411057692307692 0.17548076923076922 0.13942307692307693 0.09615384615384616
2 0.515625 0.1346153846153846 0.15865384615384615 0.09134615384615384
2 0.703125 0.0985576923076923 0.11298076923076923 0.07932692307692307
2 0.16105769230769232 0.3786057692307692 0.125 0.10576923076923077
2 0.15625 0.4891826923076923 0.13221153846153846 0.09375
2 0.14423076923076922 0.2283653846153846 0.2403846153846154 0.19471153846153846
2 0.14543269230769232 0.109375 0.125 0.06009615384615385
2 0.4254807692307692 0.04447115384615385 0.14903846153846154 0.0889423076923077
2 0.30528846153846156 0.030048076923076924 0.08173076923076923 0.05048076923076923
2 0.5408653846153846 0.027644230769230768 0.1201923076923077 0.055288461538461536
2 0.8882211538461539 0.19591346153846154 0.12980769230769232 0.10336538461538461