2 0.640625 0.7860576923076923 0.17307692307692307 0.13221153846153846
2 0.3088942307692308 0.6394230769230769 0.16105769230769232 0.13942307692307693
2 0.44591346153846156 0.5961538461538461 0.19471153846153846 0.1658653846153846
2 0.20432692307692307 0.7632211538461539 0.18509615384615385 0.1346153846153846
2 0.3737980769230769 0.7247596153846154 0.2091346153846154 0.1658653846153846
2 0.2800480769230769 0.8365384615384616 0.17548076923076922 0.1466346153846154
2 0.4110576923076923 0.8185096153846154 0.19230769230769232 0.16346153846153846
2 0.6153846153846154 0.5649038461538461 0.21153846153846154 0.18028846153846154
2 0.7463942307692307 0.5432692307692307 0.17548076923076922 0.1466346153846154
2 0.8545673076923077 0.5360576923076923 0.17307692307692307 0.14423076923076922
2 0.625 0.6766826923076923 0.18269230769230768 0.16346153846153846
2 0.7644230769230769 0.6442307692307693 0.19951923076923078 0.16826923076923078
2 0.8942307692307693 0.6490384615384616 0.16346153846153846 0.16346153846153846
2 0.7295673076923077 0.7608173076923077 0.22596153846153846 0.1658653846153846
2 0.8221153846153846 0.8569711538461539 0.1466346153846154 0.10096153846153846
2 0.44711538461538464 0.9278846153846154 0.22596153846153846 0.14423076923076922
2 0.28725961538461536 0.9807692307692307 0.17548076923076922 0.038461538461538464
2 0.234375 0.9399038461538461 0.10817307692307693 0.10817307692307693
2 0.7163461538461539 0.33653846153846156 0.22596153846153846 0.1778846153846154
2 0.5709134615384616 0.3942307692307692 0.13701923076923078 0.10576923076923077
2 0.4423076923076923 0.3954326923076923 0.17307692307692307 0.18269230769230768
2 0.28365384615384615 0.5372596153846154 0.14423076923076922 0.12980769230769232
2 0.23317307692307693 0.4675480769230769 0.17307692307692307 0.18028846153846154
2 0.17548076923076922 0.5853365384615384 0.12980769230769232 0.12740384615384615
2 0.16947115384615385 0.6742788461538461 0.19471153846153846 0.1346153846153846