2 0.2764423076923077 0.8918269230769231 0.29086538461538464 0.18269230769230768
2 0.5492788461538461 0.9122596153846154 0.2764423076923077 0.17548076923076922
2 0.7043269230769231 0.9254807692307693 0.11538461538461539 0.14903846153846154
2 0.30288461538461536 0.765625 0.2692307692307692 0.1778846153846154
2 0.5889423076923077 0.7572115384615384 0.2980769230769231 0.23076923076923078
2 0.7439903846153846 0.7788461538461539 0.07932692307692307 0.18990384615384615
2 0.29927884615384615 0.6021634615384616 0.31009615384615385 0.22596153846153846
2 0.5745192307692307 0.5733173076923077 0.25961538461538464 0.2091346153846154
2 0.7632211538461539 0.5973557692307693 0.18990384615384615 0.1875
2 0.32211538461538464 0.43990384615384615 0.27884615384615385 0.21394230769230768
2 0.5853365384615384 0.41947115384615385 0.24278846153846154 0.1658653846153846
2 0.8076923076923077 0.4423076923076923 0.2283653846153846 0.19230769230769232
2 0.3112980769230769 0.3112980769230769 0.15144230769230768 0.0985576923076923
2 0.4723557692307692 0.3112980769230769 0.17067307692307693 0.1658653846153846
2 0.6334134615384616 0.3016826923076923 0.19471153846153846 0.1466346153846154
2 0.8100961538461539 0.3125 0.15144230769230768 0.11778846153846154
2 0.8040865384615384 0.20793269230769232 0.1346153846153846 0.125
2 0.7067307692307693 0.1814903846153846 0.10576923076923077 0.13221153846153846
2 0.7139423076923077 0.09735576923076923 0.09615384615384616 0.06009615384615385
2 0.5408653846153846 0.10697115384615384 0.11538461538461539 0.07932692307692307
2 0.6021634615384616 0.19591346153846154 0.10576923076923077 0.10096153846153846
2 0.47475961538461536 0.1658653846153846 0.0985576923076923 0.08413461538461539
2 0.4050480769230769 0.234375 0.12740384615384615 0.06971153846153846
2 0.34134615384615385 0.2608173076923077 0.07451923076923077 0.03125