2 0.3173076923076923 0.5673076923076923 0.11057692307692307 0.10576923076923077
2 0.22956730769230768 0.5324519230769231 0.11057692307692307 0.11298076923076923
2 0.36899038461538464 0.49278846153846156 0.11778846153846154 0.12259615384615384
2 0.28125 0.4182692307692308 0.15625 0.18990384615384615
2 0.41586538461538464 0.4098557692307692 0.13942307692307693 0.15625
2 0.42788461538461536 0.5384615384615384 0.09615384615384616 0.13942307692307693
2 0.39903846153846156 0.5841346153846154 0.11298076923076923 0.11057692307692307
2 0.33774038461538464 0.32572115384615385 0.13942307692307693 0.11538461538461539
2 0.2403846153846154 0.3245192307692308 0.09134615384615384 0.11298076923076923
2 0.4651442307692308 0.31971153846153844 0.13701923076923078 0.10817307692307693
2 0.49399038461538464 0.43149038461538464 0.09375 0.10096153846153846
2 0.5769230769230769 0.6959134615384616 0.125 0.12980769230769232
2 0.49399038461538464 0.6274038461538461 0.1346153846153846 0.14182692307692307
2 0.6610576923076923 0.6911057692307693 0.0889423076923077 0.11057692307692307
2 0.6947115384615384 0.6033653846153846 0.11538461538461539 0.10336538461538461
2 0.7223557692307693 0.6995192307692307 0.10336538461538461 0.125
2 0.7740384615384616 0.5877403846153846 0.11538461538461539 0.12740384615384615
2 0.65625 0.4230769230769231 0.11298076923076923 0.12980769230769232
2 0.7127403846153846 0.5168269230769231 0.12259615384615384 0.13942307692307693
2 0.5853365384615384 0.5144230769230769 0.125 0.1346153846153846
2 0.5865384615384616 0.6057692307692307 0.1201923076923077 0.11057692307692307
2 0.49158653846153844 0.5348557692307693 0.08653846153846154 0.09375
2 0.5817307692307693 0.41225961538461536 0.1346153846153846 0.15144230769230768
2 0.5456730769230769 0.37740384615384615 0.09615384615384616 0.12980769230769232
2 0.6466346153846154 0.5264423076923077 0.0889423076923077 0.12259615384615384
2 0.6033653846153846 0.3329326923076923 0.10817307692307693 0.08173076923076923
2 0.1814903846153846 0.41346153846153844 0.12259615384615384 0.1346153846153846