2 0.5757211538461539 0.32091346153846156 0.11057692307692307 0.10817307692307693
2 0.6598557692307693 0.2800480769230769 0.11298076923076923 0.11538461538461539
2 0.5949519230769231 0.40865384615384615 0.1201923076923077 0.12259615384615384
2 0.7091346153846154 0.39663461538461536 0.15865384615384615 0.19230769230769232
2 0.6237980769230769 0.5 0.14182692307692307 0.15625
2 0.5216346153846154 0.4206730769230769 0.09615384615384616 0.13942307692307693
2 0.5072115384615384 0.36899038461538464 0.11538461538461539 0.11057692307692307
2 0.7379807692307693 0.5 0.13942307692307693 0.11778846153846154
2 0.8052884615384616 0.43028846153846156 0.09375 0.11298076923076923
2 0.6550480769230769 0.5973557692307693 0.13701923076923078 0.11057692307692307
2 0.5540865384615384 0.5432692307692307 0.09375 0.10096153846153846
2 0.30408653846153844 0.4230769230769231 0.125 0.12980769230769232
2 0.4110576923076923 0.4098557692307692 0.13701923076923078 0.14423076923076922
2 0.2512019230769231 0.48677884615384615 0.09134615384615384 0.11298076923076923
2 0.29086538461538464 0.5721153846153846 0.11778846153846154 0.10336538461538461
2 0.20192307692307693 0.5264423076923077 0.10576923076923077 0.125
2 0.25 0.640625 0.11538461538461539 0.12740384615384615
2 0.4495192307692308 0.6670673076923077 0.11538461538461539 0.13221153846153846
2 0.3425480769230769 0.6430288461538461 0.125 0.13942307692307693
2 0.43149038461538464 0.5528846153846154 0.125 0.1346153846153846
2 0.3629807692307692 0.49158653846153844 0.1201923076923077 0.11057692307692307
2 0.4807692307692308 0.47115384615384615 0.0889423076923077 0.09375
2 0.5084134615384616 0.6201923076923077 0.13701923076923078 0.15144230769230768
2 0.5588942307692307 0.6177884615384616 0.0985576923076923 0.12980769230769232
2 0.38100961538461536 0.5901442307692307 0.0889423076923077 0.12259615384615384
2 0.5516826923076923 0.6899038461538461 0.10817307692307693 0.08413461538461539
2 0.7800480769230769 0.3269230769230769 0.12259615384615384 0.1346153846153846