2 0.3545673076923077 0.21634615384615385 0.17307692307692307 0.1346153846153846
2 0.6887019230769231 0.35697115384615385 0.16105769230769232 0.13942307692307693
2 0.5516826923076923 0.4026442307692308 0.1971153846153846 0.16826923076923078
2 0.7908653846153846 0.23076923076923078 0.18509615384615385 0.13701923076923078
2 0.6225961538461539 0.27283653846153844 0.21153846153846154 0.16826923076923078
2 0.7139423076923077 0.15985576923076922 0.1778846153846154 0.14903846153846154
2 0.5829326923076923 0.18028846153846154 0.19230769230769232 0.1658653846153846
2 0.38461538461538464 0.4375 0.21153846153846154 0.18269230769230768
2 0.2536057692307692 0.46153846153846156 0.17548076923076922 0.14903846153846154
2 0.14543269230769232 0.4699519230769231 0.17548076923076922 0.1466346153846154
2 0.37259615384615385 0.32572115384615385 0.18269230769230768 0.1658653846153846
2 0.23317307692307693 0.3605769230769231 0.20192307692307693 0.17067307692307693
2 0.10336538461538461 0.35697115384615385 0.1658653846153846 0.16346153846153846
2 0.265625 0.2439903846153846 0.22596153846153846 0.16826923076923078
2 0.171875 0.14903846153846154 0.1466346153846154 0.10336538461538461
2 0.5444711538461539 0.07091346153846154 0.2283653846153846 0.14182692307692307
2 0.7019230769230769 0.018028846153846152 0.1778846153846154 0.036057692307692304
2 0.7572115384615384 0.055288461538461536 0.10817307692307693 0.10817307692307693
2 0.28725961538461536 0.6670673076923077 0.22596153846153846 0.18028846153846154
2 0.43028846153846156 0.6069711538461539 0.13942307692307693 0.10817307692307693
2 0.5588942307692307 0.6033653846153846 0.17307692307692307 0.18509615384615385
2 0.7151442307692307 0.45913461538461536 0.1466346153846154 0.13221153846153846
2 0.7668269230769231 0.5276442307692307 0.17548076923076922 0.18269230769230768
2 0.8233173076923077 0.40865384615384615 0.13221153846153846 0.12980769230769232
2 0.8269230769230769 0.31971153846153844 0.1971153846153846 0.13701923076923078