2 0.8317307692307693 0.6189903846153846 0.19230769230769232 0.2403846153846154
2 0.7944711538461539 0.4543269230769231 0.19471153846153846 0.25961538461538464
2 0.6490384615384616 0.4579326923076923 0.21875 0.29086538461538464
2 0.49158653846153844 0.4254807692307692 0.20192307692307693 0.27884615384615385
2 0.34375 0.4230769230769231 0.21875 0.2980769230769231
2 0.2247596153846154 0.41947115384615385 0.18028846153846154 0.2403846153846154
2 0.12980769230769232 0.4651442307692308 0.19951923076923078 0.22596153846153846
2 0.31009615384615385 0.7944711538461539 0.1346153846153846 0.1658653846153846
2 0.2127403846153846 0.8365384615384616 0.13221153846153846 0.17548076923076922
2 0.12379807692307693 0.8978365384615384 0.14182692307692307 0.19471153846153846
2 0.25240384615384615 0.7115384615384616 0.09615384615384616 0.15384615384615385
2 0.12740384615384615 0.7427884615384616 0.15625 0.20192307692307693
2 0.19591346153846154 0.6706730769230769 0.12740384615384615 0.17548076923076922
2 0.32572115384615385 0.6947115384615384 0.14903846153846154 0.20432692307692307
2 0.43028846153846156 0.8233173076923077 0.14182692307692307 0.18990384615384615