2 0.26802884615384615 0.765625 0.21153846153846154 0.25240384615384615
2 0.21995192307692307 0.6021634615384616 0.21875 0.27163461538461536
2 0.34975961538461536 0.5348557692307693 0.24519230769230768 0.30288461538461536
2 0.47115384615384615 0.43149038461538464 0.2283653846153846 0.29086538461538464
2 0.5985576923076923 0.35697115384615385 0.24519230769230768 0.31009615384615385
2 0.7019230769230769 0.296875 0.19951923076923078 0.25
2 0.8076923076923077 0.28966346153846156 0.21875 0.2403846153846154
2 0.8088942307692307 0.6646634615384616 0.14903846153846154 0.17548076923076922
2 0.9146634615384616 0.6550480769230769 0.1466346153846154 0.18269230769230768
2 0.9711538461538461 0.6658653846153846 0.057692307692307696 0.20192307692307693
2 0.8197115384615384 0.5649038461538461 0.11057692307692307 0.15865384615384615
2 0.9278846153846154 0.53125 0.14423076923076922 0.21153846153846154
2 0.8485576923076923 0.5024038461538461 0.14423076923076922 0.18269230769230768
2 0.7463942307692307 0.5853365384615384 0.16826923076923078 0.21394230769230768
2 0.7175480769230769 0.7487980769230769 0.15865384615384615 0.1971153846153846