2 0.7223557692307693 0.22716346153846154 0.21634615384615385 0.2548076923076923
2 0.7764423076923077 0.38822115384615385 0.22355769230769232 0.27403846153846156
2 0.6490384615384616 0.46033653846153844 0.25240384615384615 0.30528846153846156
2 0.53125 0.5685096153846154 0.23317307692307693 0.2932692307692308
2 0.40625 0.6466346153846154 0.25240384615384615 0.3125
2 0.30528846153846156 0.7103365384615384 0.20673076923076922 0.25240384615384615
2 0.20072115384615385 0.7199519230769231 0.22355769230769232 0.24278846153846154
2 0.18509615384615385 0.34615384615384615 0.15384615384615385 0.17548076923076922
2 0.08052884615384616 0.359375 0.15144230769230768 0.18269230769230768
2 0.027644230769230768 0.35216346153846156 0.055288461538461536 0.20432692307692307
2 0.17908653846153846 0.44711538461538464 0.11538461538461539 0.15865384615384615
2 0.07211538461538461 0.484375 0.14423076923076922 0.21394230769230768
2 0.15144230769230768 0.5108173076923077 0.14903846153846154 0.18509615384615385
2 0.2512019230769231 0.4230769230769231 0.17307692307692307 0.21394230769230768
2 0.27403846153846156 0.25841346153846156 0.16346153846153846 0.19951923076923078