2 0.4795673076923077 0.5853365384615384 0.10336538461538461 0.125
2 0.43509615384615385 0.49399038461538464 0.11778846153846154 0.14182692307692307
2 0.5384615384615384 0.6586538461538461 0.16105769230769232 0.15144230769230768
2 0.6033653846153846 0.7067307692307693 0.11298076923076923 0.13942307692307693
2 0.7019230769230769 0.7055288461538461 0.0889423076923077 0.09615384615384616
2 0.765625 0.6995192307692307 0.1201923076923077 0.13221153846153846
2 0.8858173076923077 0.4987980769230769 0.0985576923076923 0.1201923076923077
2 0.9579326923076923 0.4723557692307692 0.08413461538461539 0.11298076923076923
2 0.8245192307692307 0.5492788461538461 0.10576923076923077 0.12740384615384615
2 0.9302884615384616 0.5600961538461539 0.09615384615384616 0.10817307692307693
2 0.9747596153846154 0.390625 0.05048076923076923 0.19471153846153846
2 0.9747596153846154 0.5384615384615384 0.05048076923076923 0.10576923076923077
2 0.9387019230769231 0.3713942307692308 0.1201923076923077 0.15144230769230768
2 0.45552884615384615 0.38461538461538464 0.12259615384615384 0.11778846153846154
2 0.36658653846153844 0.3894230769230769 0.11298076923076923 0.15384615384615385
2 0.375 0.48677884615384615 0.09615384615384616 0.1201923076923077
2 0.5144230769230769 0.49399038461538464 0.08413461538461539 0.11298076923076923
2 0.5661057692307693 0.5649038461538461 0.10576923076923077 0.125
2 0.22235576923076922 0.43028846153846156 0.12740384615384615 0.14903846153846154