2 0.49278846153846156 0.5877403846153846 0.0889423076923077 0.11778846153846154
2 0.43509615384615385 0.5048076923076923 0.10336538461538461 0.1346153846153846
2 0.5625 0.6502403846153846 0.14903846153846154 0.1346153846153846
2 0.6334134615384616 0.6887019230769231 0.09615384615384616 0.13221153846153846
2 0.7319711538461539 0.671875 0.07932692307692307 0.0889423076923077
2 0.7932692307692307 0.6550480769230769 0.10576923076923077 0.12259615384615384
2 0.8810096153846154 0.4387019230769231 0.08653846153846154 0.11298076923076923
2 0.9519230769230769 0.40024038461538464 0.07692307692307693 0.10817307692307693
2 0.828125 0.49759615384615385 0.09134615384615384 0.12259615384615384
2 0.9350961538461539 0.49278846153846156 0.08653846153846154 0.10096153846153846
2 0.9699519230769231 0.3088942307692308 0.06009615384615385 0.18990384615384615
2 0.9783653846153846 0.46274038461538464 0.04326923076923077 0.10336538461538461
2 0.9122596153846154 0.30408653846153844 0.10336538461538461 0.14423076923076922
2 0.4387019230769231 0.39302884615384615 0.11298076923076923 0.10576923076923077
2 0.35096153846153844 0.4110576923076923 0.09375 0.1466346153846154
2 0.3737980769230769 0.5072115384615384 0.08413461538461539 0.11538461538461539
2 0.5132211538461539 0.49158653846153844 0.07211538461538461 0.10817307692307693
2 0.5757211538461539 0.5540865384615384 0.09134615384615384 0.11778846153846154
2 0.21514423076923078 0.47475961538461536 0.11298076923076923 0.13942307692307693