2 0.484375 0.5865384615384616 0.0985576923076923 0.12259615384615384
2 0.4338942307692308 0.49759615384615385 0.11298076923076923 0.14182692307692307
2 0.546875 0.65625 0.15625 0.1466346153846154
2 0.6129807692307693 0.7019230769230769 0.10817307692307693 0.13701923076923078
2 0.7127403846153846 0.6947115384615384 0.08653846153846154 0.09375
2 0.7752403846153846 0.6850961538461539 0.11538461538461539 0.12740384615384615
2 0.8846153846153846 0.4795673076923077 0.09615384615384616 0.11778846153846154
2 0.9579326923076923 0.44711538461538464 0.08413461538461539 0.11057692307692307
2 0.8269230769230769 0.5324519230769231 0.10096153846153846 0.12740384615384615
2 0.9326923076923077 0.5384615384615384 0.09375 0.10576923076923077
2 0.9735576923076923 0.3641826923076923 0.052884615384615384 0.19471153846153846
2 0.9759615384615384 0.5144230769230769 0.04807692307692308 0.10576923076923077
2 0.9314903846153846 0.3485576923076923 0.11298076923076923 0.14903846153846154
2 0.4495192307692308 0.3870192307692308 0.1201923076923077 0.11298076923076923
2 0.3605769230769231 0.39663461538461536 0.10817307692307693 0.15144230769230768
2 0.3737980769230769 0.49399038461538464 0.09134615384615384 0.11778846153846154
2 0.5144230769230769 0.49278846153846156 0.08173076923076923 0.11298076923076923
2 0.5697115384615384 0.5612980769230769 0.10096153846153846 0.12259615384615384
2 0.21995192307692307 0.44471153846153844 0.12259615384615384 0.1466346153846154