2 0.6430288461538461 0.5985576923076923 0.16346153846153846 0.21394230769230768
2 0.5516826923076923 0.6310096153846154 0.15384615384615385 0.23557692307692307
2 0.44711538461538464 0.6478365384615384 0.14903846153846154 0.18990384615384615
2 0.33413461538461536 0.6514423076923077 0.13942307692307693 0.1778846153846154
2 0.30528846153846156 0.7259615384615384 0.13701923076923078 0.15625
2 0.22716346153846154 0.6081730769230769 0.14423076923076922 0.1875
2 0.31009615384615385 0.4963942307692308 0.13942307692307693 0.18269230769230768
2 0.6346153846153846 0.3112980769230769 0.12980769230769232 0.1658653846153846
2 0.5108173076923077 0.4675480769230769 0.1466346153846154 0.18990384615384615
2 0.41466346153846156 0.4831730769230769 0.12980769230769232 0.16105769230769232
2 0.44350961538461536 0.33533653846153844 0.12740384615384615 0.14182692307692307
2 0.41586538461538464 0.2403846153846154 0.18509615384615385 0.18028846153846154
2 0.3161057692307692 0.31009615384615385 0.11778846153846154 0.14903846153846154
2 0.23918269230769232 0.36658653846153844 0.13701923076923078 0.16826923076923078
2 0.1502403846153846 0.4074519230769231 0.12740384615384615 0.18028846153846154
2 0.10216346153846154 0.5408653846153846 0.125 0.17307692307692307
2 0.203125 0.48197115384615385 0.13942307692307693 0.12980769230769232
2 0.040865384615384616 0.47475961538461536 0.08173076923076923 0.15625
2 0.056490384615384616 0.6009615384615384 0.11298076923076923 0.14903846153846154
2 0.5372596153846154 0.14543269230769232 0.14423076923076922 0.17067307692307693
2 0.7536057692307693 0.20192307692307693 0.09375 0.10576923076923077
2 0.0985576923076923 0.6983173076923077 0.12980769230769232 0.12740384615384615
2 0.35697115384615385 0.38822115384615385 0.11778846153846154 0.11778846153846154