2 0.6358173076923077 0.6081730769230769 0.15144230769230768 0.20673076923076922
2 0.5420673076923077 0.6334134615384616 0.14182692307692307 0.23076923076923078
2 0.4375 0.6430288461538461 0.13942307692307693 0.18509615384615385
2 0.3233173076923077 0.6394230769230769 0.13221153846153846 0.17307692307692307
2 0.28966346153846156 0.7127403846153846 0.12980769230769232 0.15144230769230768
2 0.21995192307692307 0.5889423076923077 0.1346153846153846 0.18269230769230768
2 0.31009615384615385 0.4831730769230769 0.12980769230769232 0.1778846153846154
2 0.6478365384615384 0.32091346153846156 0.1201923076923077 0.16105769230769232
2 0.5132211538461539 0.4675480769230769 0.13701923076923078 0.18509615384615385
2 0.41586538461538464 0.47716346153846156 0.12259615384615384 0.15625
2 0.45552884615384615 0.3329326923076923 0.1201923076923077 0.13701923076923078
2 0.4338942307692308 0.234375 0.1778846153846154 0.17307692307692307
2 0.3293269230769231 0.2980769230769231 0.11057692307692307 0.14423076923076922
2 0.24879807692307693 0.34975961538461536 0.12980769230769232 0.16346153846153846
2 0.15745192307692307 0.38341346153846156 0.11538461538461539 0.1778846153846154
2 0.10096153846153846 0.5132211538461539 0.11538461538461539 0.17067307692307693
2 0.20432692307692307 0.46153846153846156 0.1346153846153846 0.12259615384615384
2 0.040865384615384616 0.43990384615384615 0.08173076923076923 0.15384615384615385
2 0.051682692307692304 0.5697115384615384 0.10336538461538461 0.14423076923076922
2 0.5612980769230769 0.14903846153846154 0.13701923076923078 0.1658653846153846
2 0.7740384615384616 0.21995192307692307 0.0889423076923077 0.10096153846153846
2 0.08653846153846154 0.6694711538461539 0.12259615384615384 0.12259615384615384
2 0.36538461538461536 0.3786057692307692 0.11298076923076923 0.11298076923076923