2 0.43028846153846156 0.6598557692307693 0.16826923076923078 0.21394230769230768
2 0.5252403846153846 0.6382211538461539 0.16105769230769232 0.23557692307692307
2 0.6225961538461539 0.5973557692307693 0.15384615384615385 0.19230769230769232
2 0.7211538461538461 0.5408653846153846 0.14423076923076922 0.18028846153846154
2 0.7848557692307693 0.5889423076923077 0.14182692307692307 0.15865384615384615
2 0.7896634615384616 0.44711538461538464 0.14903846153846154 0.1875
2 0.6586538461538461 0.3954326923076923 0.14423076923076922 0.18269230769230768
2 0.2860576923076923 0.4110576923076923 0.1346153846153846 0.16826923076923078
2 0.4735576923076923 0.47836538461538464 0.15144230769230768 0.18990384615384615
2 0.5637019230769231 0.43990384615384615 0.1346153846153846 0.16105769230769232
2 0.46033653846153844 0.33052884615384615 0.12980769230769232 0.14423076923076922
2 0.4338942307692308 0.234375 0.18990384615384615 0.18509615384615385
2 0.5552884615384616 0.24158653846153846 0.1201923076923077 0.15144230769230768
2 0.6502403846153846 0.24879807692307693 0.14182692307692307 0.17067307692307693
2 0.7475961538461539 0.23557692307692307 0.12980769230769232 0.18269230769230768
2 0.8581730769230769 0.3233173076923077 0.12980769230769232 0.17548076923076922
2 0.7427884615384616 0.328125 0.14182692307692307 0.13221153846153846
2 0.8918269230769231 0.22596153846153846 0.125 0.15865384615384615
2 0.9290865384615384 0.35096153846153844 0.11778846153846154 0.14903846153846154
2 0.28125 0.21875 0.14903846153846154 0.17307692307692307
2 0.12740384615384615 0.38100961538461536 0.09615384615384616 0.10576923076923077
2 0.9387019230769231 0.4543269230769231 0.12259615384615384 0.12980769230769232
2 0.5625 0.3293269230769231 0.1201923076923077 0.1201923076923077