2 0.5721153846153846 0.6418269230769231 0.27403846153846156 0.2548076923076923
2 0.5276442307692307 0.8257211538461539 0.23798076923076922 0.21634615384615385
2 0.39783653846153844 0.5348557692307693 0.22596153846153846 0.19471153846153846
2 0.3557692307692308 0.6850961538461539 0.20432692307692307 0.20432692307692307
2 0.2932692307692308 0.796875 0.21634615384615385 0.16826923076923078
2 0.8173076923076923 0.71875 0.23076923076923078 0.2091346153846154
2 0.7620192307692307 0.8786057692307693 0.18990384615384615 0.18509615384615385
2 0.8076923076923077 0.5048076923076923 0.3173076923076923 0.2692307692307692
2 0.47836538461538464 0.3449519230769231 0.46153846153846156 0.3389423076923077
2 0.16947115384615385 0.43028846153846156 0.18990384615384615 0.15625
2 0.0733173076923077 0.5252403846153846 0.1466346153846154 0.1658653846153846
2 0.046875 0.5949519230769231 0.09375 0.12259615384615384