2 0.41586538461538464 0.36538461538461536 0.2668269230769231 0.2403846153846154
2 0.44350961538461536 0.1778846153846154 0.23076923076923078 0.20432692307692307
2 0.5985576923076923 0.45552884615384615 0.22115384615384615 0.18269230769230768
2 0.6286057692307693 0.30288461538461536 0.19471153846153846 0.1971153846153846
2 0.6802884615384616 0.18509615384615385 0.21153846153846154 0.15625
2 0.16466346153846154 0.31009615384615385 0.22596153846153846 0.1971153846153846
2 0.20552884615384615 0.1466346153846154 0.18269230769230768 0.1778846153846154
2 0.1935096153846154 0.5216346153846154 0.31009615384615385 0.25240384615384615
2 0.5348557692307693 0.6526442307692307 0.4567307692307692 0.31009615384615385
2 0.8353365384615384 0.5408653846153846 0.1875 0.14423076923076922
2 0.9254807692307693 0.4338942307692308 0.14903846153846154 0.15625
2 0.9483173076923077 0.36177884615384615 0.10336538461538461 0.11298076923076923