2 0.3858173076923077 0.3894230769230769 0.23076923076923078 0.19471153846153846
2 0.36778846153846156 0.20072115384615385 0.20192307692307693 0.1658653846153846
2 0.5853365384615384 0.4338942307692308 0.1971153846153846 0.14182692307692307
2 0.5769230769230769 0.2776442307692308 0.16346153846153846 0.1658653846153846
2 0.5985576923076923 0.15144230769230768 0.19471153846153846 0.11538461538461539
2 0.12860576923076922 0.39663461538461536 0.1971153846153846 0.15865384615384615
2 0.12860576923076922 0.2283653846153846 0.15384615384615385 0.14903846153846154
2 0.20793269230769232 0.5949519230769231 0.27884615384615385 0.1971153846153846
2 0.5709134615384616 0.6394230769230769 0.42788461538461536 0.21634615384615385
2 0.8353365384615384 0.45913461538461536 0.17067307692307693 0.11057692307692307
2 0.9134615384615384 0.3293269230769231 0.15865384615384615 0.125
2 0.9254807692307693 0.2512019230769231 0.13942307692307693 0.08413461538461539