2 0.16346153846153846 0.296875 0.13701923076923078 0.13942307692307693
2 0.3245192307692308 0.3125 0.18509615384615385 0.14903846153846154
2 0.47115384615384615 0.31490384615384615 0.11298076923076923 0.125
2 0.5661057692307693 0.31490384615384615 0.13701923076923078 0.17548076923076922
2 0.23317307692307693 0.4362980769230769 0.14182692307692307 0.17067307692307693
2 0.3870192307692308 0.4639423076923077 0.17067307692307693 0.1658653846153846
2 0.4951923076923077 0.4675480769230769 0.13701923076923078 0.20673076923076922
2 0.6033653846153846 0.4795673076923077 0.13701923076923078 0.18028846153846154
2 0.6814903846153846 0.5540865384615384 0.16826923076923078 0.15625
2 0.29927884615384615 0.6009615384615384 0.20432692307692307 0.18509615384615385
2 0.4579326923076923 0.6478365384615384 0.1658653846153846 0.16346153846153846
2 0.5925480769230769 0.6514423076923077 0.1778846153846154 0.20432692307692307
2 0.75 0.6838942307692307 0.12740384615384615 0.1778846153846154
2 0.0733173076923077 0.07572115384615384 0.09375 0.07692307692307693
2 0.33052884615384615 0.8004807692307693 0.17548076923076922 0.19951923076923078
2 0.5552884615384616 0.8293269230769231 0.2644230769230769 0.18990384615384615
2 0.7548076923076923 0.8064903846153846 0.14423076923076922 0.14182692307692307
2 0.546875 0.9519230769230769 0.10817307692307693 0.09615384615384616
2 0.4387019230769231 0.9399038461538461 0.1971153846153846 0.09375
2 0.8173076923076923 0.9399038461538461 0.12740384615384615 0.07932692307692307
2 0.9350961538461539 0.9399038461538461 0.07451923076923077 0.06971153846153846
2 0.8930288461538461 0.8870192307692307 0.14182692307692307 0.09375
2 0.6766826923076923 0.9110576923076923 0.15144230769230768 0.12980769230769232