2 0.8918269230769231 0.4723557692307692 0.16826923076923078 0.17067307692307693
2 0.7403846153846154 0.41225961538461536 0.21394230769230768 0.19471153846153846
2 0.6105769230769231 0.3485576923076923 0.14182692307692307 0.14903846153846154
2 0.5252403846153846 0.30528846153846156 0.18028846153846154 0.20192307692307693
2 0.7668269230769231 0.5649038461538461 0.18269230769230768 0.19951923076923078
2 0.6165865384615384 0.5192307692307693 0.20673076923076922 0.20432692307692307
2 0.5192307692307693 0.4723557692307692 0.18990384615384615 0.23076923076923078
2 0.4170673076923077 0.43509615384615385 0.18269230769230768 0.20673076923076922
2 0.3137019230769231 0.4651442307692308 0.20192307692307693 0.1971153846153846
2 0.6334134615384616 0.6802884615384616 0.24519230769230768 0.23557692307692307
2 0.4699519230769231 0.6502403846153846 0.20432692307692307 0.20192307692307693
2 0.3485576923076923 0.5925480769230769 0.2283653846153846 0.24278846153846154
2 0.1935096153846154 0.5504807692307693 0.17307692307692307 0.20192307692307693
2 0.5144230769230769 0.84375 0.22355769230769232 0.23798076923076922
2 0.3016826923076923 0.7680288461538461 0.3004807692307692 0.25721153846153844
2 0.13341346153846154 0.6574519230769231 0.17548076923076922 0.17548076923076922
2 0.2536057692307692 0.8810096153846154 0.12740384615384615 0.12259615384615384
2 0.3545673076923077 0.9194711538461539 0.2091346153846154 0.14903846153846154
2 0.04326923076923077 0.7475961538461539 0.08653846153846154 0.11538461538461539
2 0.026442307692307692 0.6658653846153846 0.052884615384615384 0.12980769230769232
2 0.15504807692307693 0.7860576923076923 0.1778846153846154 0.1658653846153846