2 0.8052884615384616 0.7475961538461539 0.15144230769230768 0.15384615384615385
2 0.6466346153846154 0.7091346153846154 0.19951923076923078 0.17067307692307693
2 0.5036057692307693 0.6875 0.12740384615384615 0.13701923076923078
2 0.40865384615384615 0.6730769230769231 0.15625 0.18990384615384615
2 0.7548076923076923 0.5997596153846154 0.16105769230769232 0.18509615384615385
2 0.6069711538461539 0.5504807692307693 0.1875 0.18509615384615385
2 0.5 0.5336538461538461 0.16105769230769232 0.21875
2 0.3942307692307692 0.5060096153846154 0.15865384615384615 0.19471153846153846
2 0.3269230769230769 0.421875 0.18509615384615385 0.17548076923076922
2 0.7127403846153846 0.42908653846153844 0.22355769230769232 0.2091346153846154
2 0.5612980769230769 0.359375 0.18509615384615385 0.18269230769230768
2 0.42908653846153844 0.33774038461538464 0.20192307692307693 0.22355769230769232
2 0.2776442307692308 0.28365384615384615 0.14903846153846154 0.18990384615384615
2 0.8629807692307693 0.9675480769230769 0.10096153846153846 0.06490384615384616
2 0.7091346153846154 0.22596153846153846 0.1971153846153846 0.21875
2 0.49158653846153844 0.1658653846153846 0.28365384615384615 0.22115384615384615
2 0.29086538461538464 0.16105769230769232 0.16105769230769232 0.15865384615384615
2 0.515625 0.05048076923076923 0.11778846153846154 0.10096153846153846
2 0.6213942307692307 0.07211538461538461 0.20432692307692307 0.11778846153846154
2 0.24519230769230768 0.03365384615384615 0.1346153846153846 0.0673076923076923
2 0.12980769230769232 0.021634615384615384 0.08173076923076923 0.04326923076923077
2 0.16466346153846154 0.0625 0.15144230769230768 0.11057692307692307
2 0.38221153846153844 0.07091346153846154 0.16346153846153846 0.14182692307692307