7 0.15985576923076922 0.421875 0.07692307692307693 0.07932692307692307
7 0.45552884615384615 0.3245192307692308 0.08653846153846154 0.0985576923076923
7 0.6141826923076923 0.625 0.1201923076923077 0.12980769230769232
7 0.5120192307692307 0.6394230769230769 0.06971153846153846 0.08173076923076923
7 0.8209134615384616 0.6442307692307693 0.0625 0.07692307692307693
7 0.5360576923076923 0.5300480769230769 0.08173076923076923 0.09134615384615384
7 0.7007211538461539 0.2776442307692308 0.11298076923076923 0.11298076923076923
7 0.4723557692307692 0.4266826923076923 0.07451923076923077 0.08653846153846154
7 0.4579326923076923 0.4831730769230769 0.06490384615384616 0.06971153846153846
7 0.4375 0.5192307692307693 0.0673076923076923 0.07451923076923077
7 0.3701923076923077 0.59375 0.0889423076923077 0.0889423076923077
7 0.08774038461538461 0.7463942307692307 0.07211538461538461 0.0673076923076923
7 0.21875 0.7127403846153846 0.08173076923076923 0.09615384615384616