7 0.7824519230769231 0.29447115384615385 0.0625 0.06490384615384616
7 0.4723557692307692 0.32091346153846156 0.0673076923076923 0.08653846153846154
7 0.44350961538461536 0.6598557692307693 0.09615384615384616 0.10817307692307693
7 0.5432692307692307 0.6322115384615384 0.052884615384615384 0.07211538461538461
7 0.2608173076923077 0.7584134615384616 0.04567307692307692 0.06971153846153846
7 0.47836538461538464 0.5420673076923077 0.06490384615384616 0.07932692307692307
7 0.2283653846153846 0.3737980769230769 0.09134615384615384 0.09375
7 0.49759615384615385 0.421875 0.057692307692307696 0.07692307692307693
7 0.5324519230769231 0.46875 0.052884615384615384 0.057692307692307696
7 0.5649038461538461 0.49278846153846156 0.052884615384615384 0.0625
7 0.65625 0.5348557692307693 0.07211538461538461 0.07211538461538461
7 0.9723557692307693 0.5649038461538461 0.055288461538461536 0.052884615384615384
7 0.8413461538461539 0.5853365384615384 0.06009615384615385 0.08413461538461539