7 0.7596153846153846 0.2668269230769231 0.0673076923076923 0.07211538461538461
7 0.4543269230769231 0.3245192307692308 0.07451923076923077 0.09134615384615384
7 0.46033653846153844 0.6646634615384616 0.10576923076923077 0.11778846153846154
7 0.5564903846153846 0.6274038461538461 0.06009615384615385 0.07692307692307693
7 0.28846153846153844 0.78125 0.052884615384615384 0.07211538461538461
7 0.4831730769230769 0.5444711538461539 0.07211538461538461 0.08413461538461539
7 0.21634615384615385 0.4026442307692308 0.10096153846153846 0.10096153846153846
7 0.4891826923076923 0.4230769230769231 0.06490384615384616 0.08173076923076923
7 0.5288461538461539 0.4651442307692308 0.057692307692307696 0.0625
7 0.5637019230769231 0.48677884615384615 0.06009615384615385 0.0673076923076923
7 0.6586538461538461 0.5192307692307693 0.07932692307692307 0.07932692307692307
7 0.9735576923076923 0.5144230769230769 0.052884615384615384 0.057692307692307696
7 0.8485576923076923 0.5492788461538461 0.0673076923076923 0.0889423076923077