0 0.26875 0.20078125 0.1703125 0.23359375
0 0.11171875 0.38671875 0.134375 0.16953125
0 0.57421875 0.25 0.175 0.184375
0 0.7390625 0.10078125 0.09609375 0.1265625
0 0.125 0.71875 0.10234375 0.18203125
0 0.26640625 0.75390625 0.16953125 0.25859375
0 0.190625 0.571875 0.1203125 0.1890625
0 0.8453125 0.29921875 0.05546875 0.14765625
0 0.9140625 0.534375 0.171875 0.24296875
0 0.5984375 0.8828125 0.44453125 0.234375
0 0.66640625 0.5953125 0.17734375 0.2484375
0 0.27578125 0.896875 0.38359375 0.20625
0 0.46875 0.45703125 0.09453125 0.16875
0 0.0875 0.06640625 0.1109375 0.1328125