0 0.09921875 0.0515625 0.084375 0.103125
0 0.2421875 0.14921875 0.1390625 0.296875
0 0.453125 0.11484375 0.18359375 0.21328125
0 0.74453125 0.08203125 0.09140625 0.140625
0 0.58515625 0.14375 0.06953125 0.0765625
0 0.58671875 0.25 0.14140625 0.17890625
0 0.42109375 0.3734375 0.0859375 0.09921875
0 0.44609375 0.5140625 0.24921875 0.20703125
0 0.134375 0.2828125 0.04765625 0.1046875
0 0.775 0.33203125 0.16953125 0.1265625
0 0.5578125 0.72734375 0.240625 0.17421875
0 0.68203125 0.4984375 0.1796875 0.30703125
0 0.69609375 0.903125 0.35390625 0.17890625
0 0.80078125 0.63671875 0.09609375 0.07578125
0 0.25625 0.696875 0.1671875 0.15546875