0 0.5333333333333333 0.8985507246376812 0.6666666666666666 0.2028985507246377
0 0 0.18840579710144928 0 0.17391304347826086
0 0.724888888888889 0.43028985507246376 0.2588888888888884 0.21130434782608673
0 0.9111111111111111 0.5434782608695652 0.17777777777777778 0.18840579710144928
0 0.5731111111111112 0.6936231884057973 0.20422222222222217 0.216376811594203
0 0.1 0.6666666666666666 0.2 0.17391304347826086
0 0.15555555555555556 0.043478260869565216 0.3111111111111111 0.08695652173913043
0 0.9222222222222223 0.8695652173913043 0.15555555555555556 0.11594202898550725
0 0.38622222222222213 0.4159420289855071 0.20333333333333345 0.1592753623188407
0 0.5537777777777778 0.3389855072463766 0.12955555555555584 0.16768115942028974
0 0.9333333333333333 0.36231884057971014 0.13333333333333333 0.2028985507246377