0 0.7976190476190477 0.26 0.40476190476190477 0.14666666666666667
0 0.6880952380952382 0.10399999999999997 0.18166666666666656 0.1146666666666666
0 0.654047619047619 0.526 0.25261904761904797 0.23639999999999986
0 0.9761904761904762 0.74 0.047619047619047616 0.52
0 0.7976190476190477 0.9866666666666667 0.30952380952380953 0.02666666666666667
0 0.8314285714285715 0.8885333333333332 0.19047619047619047 0.17266666666666652
0 0.9523809523809523 0.7733333333333333 0.09523809523809523 0.10666666666666667
0 0.3633333333333333 0.8342666666666666 0.24619047619047627 0.2974666666666667
0 0.36904761904761907 0.98 0.4523809523809524 0.04
0 0.15476190476190477 0.6266666666666667 0.30952380952380953 0.18666666666666668
0 0.34380952380952373 0.1698666666666666 0.12999999999999984 0.09080000000000003
0 0.17738095238095244 0.2627999999999999 0.11261904761904772 0.1121333333333333