0 0.0859375 0.09183673469387756 0.171875 0.1836734693877551
0 0.3165625000000001 0.16081632653061215 0.1534374999999999 0.19918367346938756
0 0.2590625 0.3548979591836735 0.13109375000000023 0.09285714285714308
0 0.6875 0 0.1875 0
0 0.7168749999999999 0.35040816326530616 0.24812499999999993 0.36244897959183653
0 0.8828125 0.09183673469387756 0.234375 0.1836734693877551
0 0.8515625 0.5306122448979592 0.296875 0.5306122448979592
0 0.5118750000000001 0.6255102040816327 0.14203125000000005 0.1420408163265302
0 0.5032812499999999 0.9004081632653063 0.1356250000000001 0.14775510204081652
0 0.20921875 0.8746938775510207 0.14421874999999984 0.1642857142857145
0 0.7109375 0.9489795918367347 0.203125 0.10204081632653061