0 0.7166666666666667 0.9423076923076923 0.2 0.11538461538461539
0 0.3901666666666666 0.4290384615384616 0.2508333333333335 0.25403846153846116
0 0.6745 0.2413461538461538 0.37849999999999967 0.37653846153846177
0 0.125 0.5769230769230769 0.25 0.4230769230769231
0 0.26666666666666666 0.019230769230769232 0.5333333333333333 0.038461538461538464
0 0.9416666666666667 0.28846153846153844 0.11666666666666667 0.3076923076923077
0 0.2833333333333333 0.04807692307692308 0.36666666666666664 0.09615384615384616
0 0.041666666666666664 0.23076923076923078 0.08333333333333333 0.23076923076923078
0 0.7469999999999999 0.7461538461538464 0.15100000000000005 0.17538461538461547
0 0.08833333333333306 0.8138461538461537 0.09783333333333329 0.1413461538461543
0 0.3998333333333335 0.7959615384615382 0.15133333333333307 0.2299999999999996