0 0.272600303677666 0.3809940202838615 0.28687638747047617 0.6796008481142559
0 0.10051844594093388 0.31527820478267404 0.18814805742616736 0.39679017579911435
0 0.7888918060613485 0.06313582187541303 0.3233976472104162 0.07223430559358224
0 0.5606426190330895 0.05006409805461545 0.39321506262758255 0.06876386696901246
0 0.8575899466292508 0.23776445746775046 0.22923320787475482 0.2689984050888784
0 0.706273795224468 0.38995899298264763 0.21347946412225713 0.30071017058917676
0 0.49006359001488575 0.3968401429968909 0.32294921340851346 0.460899986494929
0 0.9980749920317056 0.6495602781788755 0.003850015936588909 0.24158233245240002
0 0.31435557131141734 0.7702362864477537 0.4991038562583916 0.4595274271044926
0 0.11774767806652747 0.9027863443392111 0.12916174801132926 0.19442731132157778
0 0.745613311225522 0.8280067887558625 0.508773377548956 0.34398642248827505
0 0.9688946551923225 0.8700158791847266 0.062210689615354864 0.2599682416305468