0 0.7242307692307693 0.34303797468354424 0.22388888888888883 0.6304430379746836
0 0.905982905982906 0.2721518987341772 0.18803418803418803 0.3670886075949367
0 0.19017094017094016 0.03481012658227848 0.31196581196581197 0.06962025316455696
0 0.41239316239316237 0.022151898734177215 0.3803418803418803 0.04430379746835443
0 0.13863247863247863 0.220379746835443 0.2026495726495726 0.24278481012658237
0 0.30038461538461547 0.3625316455696201 0.1843162393162393 0.26917721518987325
0 0.5133760683760683 0.3626582278481013 0.2761538461538462 0.4184810126582279
0 0.014957264957264958 0.629746835443038 0.029914529914529916 0.23417721518987342
0 0.717948717948718 0.7626582278481012 0.4444444444444444 0.47468354430379744
0 0.9337606837606838 0.879746835443038 0.13247863247863248 0.24050632911392406
0 0.8183760683760684 0.9746835443037974 0.1752136752136752 0.05063291139240506
0 0.28205128205128205 0.8291139240506329 0.5042735042735043 0.34177215189873417
0 0.053418803418803416 0.8607594936708861 0.10683760683760683 0.27848101265822783